natural_gas,natural_gas_ccs,solar_pv,onshore_wind,fixed_offshore_wind,float_offshore_wind,battery,ror_hydro,pumped_hydro,nuclear_CF,Time_Index
1,1,0.0,0.813,0.9138,0.9138,1,0.444793349,1,1,1
1,1,0.0014278571428571428,0.8424428571428572,0.9115714285714285,0.9115714285714285,1,0.4447933490000001,1,1,2
1,1,0.128389,0.8406,0.8715,0.8715,1,0.444793349,1,1,3
1,1,0.317947,0.8431,0.8773,0.8773,1,0.444793349,1,1,4
1,1,0.4813975,0.8519,0.8484,0.8484,1,0.444793349,1,1,5
1,1,0.456972,0.8689,0.7384,0.7384,1,0.444793349,1,1,6
1,1,0.369288,0.865,0.687,0.687,1,0.444793349,1,1,7
1,1,0.232161,0.857,0.6889,0.6889,1,0.444793349,1,1,8
1,1,0.06614,0.8481,0.6697,0.6697,1,0.444793349,1,1,9
1,1,0.0003826153846153846,0.7135846153846154,0.705046153846154,0.705046153846154,1,0.44479334900000017,1,1,10
1,1,0.0,0.4785,0.6556,0.6556,1,0.444793349,1,1,11
1,1,0.0,0.3996,0.5899,0.5899,1,0.444793349,1,1,12
1,1,0.009785,0.2935,0.4908,0.4908,1,0.444793349,1,1,13
1,1,0.116903,0.1791,0.392,0.392,1,0.444793349,1,1,14
1,1,0.281521,0.0906,0.2999,0.2999,1,0.444793349,1,1,15
1,1,0.366705,0.0608,0.1491333333333333,0.1491333333333333,1,0.444793349,1,1,16
1,1,0.201171,0.0902,0.0565,0.0565,1,0.444793349,1,1,17
1,1,0.06572549999999999,0.14725,0.06939999999999999,0.06939999999999999,1,0.444793349,1,1,18
1,1,0.002606,0.2496,0.1466,0.1466,1,0.444793349,1,1,19
1,1,0.0,0.3314,0.2249,0.2249,1,0.444793349,1,1,20
1,1,0.0,0.4544,0.3599,0.3599,1,0.444793349,1,1,21
1,1,0.0,0.631,0.60985,0.60985,1,0.444793349,1,1,22
1,1,0.0,0.6766,0.7906,0.7906,1,0.444793349,1,1,23
1,1,0.0,0.7348,0.8908,0.8908,1,0.444793349,1,1,24
1,1,0.0,0.6714142857142856,0.913057142857143,0.913057142857143,1,0.4447933490000001,1,1,25
1,1,0.0,0.6904,0.9129,0.9129,1,0.444793349,1,1,26
1,1,0.05592450000000001,0.71995,0.8780166666666666,0.8780166666666666,1,0.44479334900000006,1,1,27
1,1,0.076583,0.6171,0.732,0.732,1,0.444793349,1,1,28
1,1,0.019946333333333333,0.6156333333333334,0.5648333333333334,0.5648333333333334,1,0.444793349,1,1,29
1,1,0.0,0.5663,0.4247,0.4247,1,0.444793349,1,1,30
1,1,0.0,0.5215,0.2942,0.2942,1,0.444793349,1,1,31
1,1,0.0,0.3749,0.1664,0.1664,1,0.444793349,1,1,32
1,1,0.0,0.3551,0.1194,0.1194,1,0.444793349,1,1,33
1,1,0.0,0.3618,0.1009,0.1009,1,0.444793349,1,1,34
1,1,0.0,0.20295,0.12033333333333333,0.12033333333333333,1,0.44479334900000006,1,1,35
1,1,0.0,0.1236,0.2964,0.2964,1,0.444793349,1,1,36
1,1,0.0,0.1183,0.4236,0.4236,1,0.444793349,1,1,37
1,1,0.058140750000000005,0.14615,0.45207500000000006,0.45207500000000006,1,0.444793349,1,1,38
1,1,0.1150806,0.13726,0.1941,0.1941,1,0.44479334900000006,1,1,39
1,1,0.000201,0.2309,0.0694,0.0694,1,0.444793349,1,1,40
1,1,0.0,0.2958,0.1061,0.1061,1,0.444793349,1,1,41
1,1,0.0,0.4083,0.1435,0.1435,1,0.444793349,1,1,42
1,1,0.0,0.53935,0.1612,0.1612,1,0.444793349,1,1,43
1,1,0.0,0.5427,0.1905,0.1905,1,0.444793349,1,1,44
1,1,0.0,0.64995,0.21765,0.21765,1,0.444793349,1,1,45
1,1,0.0,0.5621,0.276,0.276,1,0.444793349,1,1,46
1,1,0.0,0.6517,0.2941,0.2941,1,0.444793349,1,1,47
1,1,0.0,0.6138,0.2856,0.2856,1,0.444793349,1,1,48
1,1,0.001998,0.6268,0.3109,0.3109,1,0.444793349,1,1,49
1,1,0.038359,0.4394,0.3078,0.3078,1,0.44479334900000006,1,1,50
1,1,0.030822249999999995,0.35882500000000006,0.44272500000000004,0.44272500000000004,1,0.444793349,1,1,51
1,1,0.0,0.42863333333333337,0.35746666666666665,0.35746666666666665,1,0.444793349,1,1,52
1,1,0.0,0.2942,0.29679999999999995,0.29679999999999995,1,0.444793349,1,1,53
1,1,0.0,0.3234,0.3099,0.3099,1,0.444793349,1,1,54
1,1,0.0,0.2997,0.3466,0.3466,1,0.444793349,1,1,55
1,1,0.0,0.24423999999999996,0.37268,0.37268,1,0.552743642,1,1,56
1,1,0.015387888888888888,0.16615000000000002,0.7540055555555556,0.7540055555555556,1,0.552743642,1,1,57
1,1,0.0,0.18051666666666666,0.75615,0.75615,1,0.5527436420000001,1,1,58
1,1,0.021343749999999998,0.34967499999999996,0.8274499999999999,0.8274499999999999,1,0.552743642,1,1,59
1,1,0.31465825,0.497,0.86095,0.86095,1,0.552743642,1,1,60
1,1,0.130586,0.5736666666666667,0.7521333333333334,0.7521333333333334,1,0.552743642,1,1,61
1,1,0.0012633333333333333,0.7297666666666668,0.5086,0.5086,1,0.552743642,1,1,62
1,1,0.0,0.77725,0.32505,0.32505,1,0.552743642,1,1,63
1,1,0.0,0.7762,0.2084,0.2084,1,0.552743642,1,1,64
1,1,0.0,0.7488,0.1573,0.1573,1,0.552743642,1,1,65
1,1,0.0,0.7098,0.074425,0.074425,1,0.552743642,1,1,66
1,1,0.0,0.5047,0.0306,0.0306,1,0.552743642,1,1,67
1,1,0.022482900000000004,0.10139999999999998,0.07043,0.07043,1,0.5527436420000001,1,1,68
1,1,0.022124,0.0311,0.2921,0.2921,1,0.552743642,1,1,69
1,1,0.0012585,0.3323666666666667,0.7690333333333333,0.7690333333333333,1,0.5527436420000001,1,1,70
1,1,0.0,0.4245,0.6209,0.6209,1,0.552743642,1,1,71
1,1,0.00209925,0.2595,0.41632500000000006,0.41632500000000006,1,0.552743642,1,1,72
1,1,0.112703,0.1253,0.2791,0.2791,1,0.552743642,1,1,73
1,1,0.08056784615384614,0.0555,0.10046153846153848,0.10046153846153848,1,0.5527436420000001,1,1,74
1,1,0.0,0.2015,0.0834,0.0834,1,0.552743642,1,1,75
1,1,0.0,0.30612000000000006,0.1,0.1,1,0.552743642,1,1,76
1,1,0.0,0.3555,0.2405,0.2405,1,0.552743642,1,1,77
1,1,0.0,0.3877,0.3585,0.3585,1,0.552743642,1,1,78
1,1,0.0,0.5061,0.4675,0.4675,1,0.552743642,1,1,79
1,1,0.005417,0.5706,0.5871,0.5871,1,0.552743642,1,1,80
1,1,0.07451,0.4923,0.7528,0.7528,1,0.552743642,1,1,81
1,1,0.23788700000000002,0.40990000000000004,0.8771000000000001,0.8771000000000001,1,0.552743642,1,1,82
1,1,0.015875785714285714,0.7684928571428572,0.86335,0.86335,1,0.5527436420000001,1,1,83
1,1,0.0,0.81435,0.62835,0.62835,1,0.552743642,1,1,84
1,1,0.0,0.8019,0.5963,0.5963,1,0.552743642,1,1,85
1,1,0.00783,0.8022,0.5515,0.5515,1,0.552743642,1,1,86
1,1,0.12127399999999999,0.76995,0.45115000000000005,0.45115000000000005,1,0.552743642,1,1,87
1,1,0.10602966666666667,0.6627,0.2353166666666667,0.2353166666666667,1,0.5527436420000001,1,1,88
1,1,0.0002802,0.49176000000000003,0.1485,0.1485,1,0.552743642,1,1,89
1,1,0.0,0.5153,0.1898,0.1898,1,0.552743642,1,1,90
1,1,0.0,0.3210285714285714,0.40882857142857143,0.40882857142857143,1,0.5527436420000001,1,1,91
1,1,0.0,0.26535,0.7039,0.7039,1,0.552743642,1,1,92
1,1,0.06065842857142857,0.17727142857142858,0.7678000000000001,0.7678000000000001,1,0.5527436420000001,1,1,93
1,1,0.020217666666666665,0.18076666666666666,0.4836333333333333,0.4836333333333333,1,0.552743642,1,1,94
1,1,0.0,0.34202499999999997,0.5588,0.5588,1,0.552743642,1,1,95
1,1,0.0,0.4112,0.6027,0.6027,1,0.552743642,1,1,96
1,1,0.0,0.4113,0.6096,0.6096,1,0.552743642,1,1,97
1,1,0.0,0.3414333333333333,0.5093,0.5093,1,0.5527436420000001,1,1,98
1,1,0.0,0.4907,0.4092,0.4092,1,0.552743642,1,1,99
1,1,0.0,0.5271,0.4433,0.4433,1,0.552743642,1,1,100
1,1,0.009012,0.5543,0.5855,0.5855,1,0.552743642,1,1,101
1,1,0.19684225,0.5667500000000001,0.7553000000000001,0.7553000000000001,1,0.552743642,1,1,102
1,1,0.2832775,0.4881,0.8815,0.8815,1,0.552743642,1,1,103
1,1,0.0167491,0.775635,0.8793,0.8793,1,0.552743642,1,1,104
1,1,0.20098,0.7526,0.7812,0.7812,1,0.552743642,1,1,105
1,1,0.03682484210526316,0.7234473684210526,0.8216631578947368,0.8216631578947368,1,0.552743642,1,1,106
1,1,0.0,0.5269,0.6349,0.6349,1,0.552743642,1,1,107
1,1,0.00839,0.48,0.566,0.566,1,0.552743642,1,1,108
1,1,0.117325,0.35,0.5503,0.5503,1,0.552743642,1,1,109
1,1,0.259825,0.264,0.5128,0.5128,1,0.552743642,1,1,110
1,1,0.3272115,0.16945,0.4566,0.4566,1,0.552743642,1,1,111
1,1,0.201889,0.1758,0.3694,0.3694,1,0.552743642,1,1,112
1,1,0.0660485,0.1275,0.234225,0.234225,1,0.552743642,1,1,113
1,1,0.0,0.30827857142857135,0.3061428571428571,0.3061428571428571,1,0.5527436420000001,1,1,114
1,1,0.023579115384615382,0.22198846153846155,0.8027692307692307,0.8027692307692307,1,0.5527436419999998,1,1,115
1,1,0.211579,0.6304,0.9055,0.9055,1,0.552743642,1,1,116
1,1,0.354113,0.5879,0.8812,0.8812,1,0.552743642,1,1,117
1,1,0.4415926666666667,0.6964333333333332,0.8209666666666667,0.8209666666666667,1,0.552743642,1,1,118
1,1,0.257657,0.7252,0.8113,0.8113,1,0.552743642,1,1,119
1,1,0.096044,0.6866,0.8408,0.8408,1,0.552743642,1,1,120
1,1,0.02174195238095238,0.8140857142857142,0.9110904761904761,0.9110904761904761,1,0.5527436419999999,1,1,121
1,1,0.280797,0.81795,0.9097500000000001,0.9097500000000001,1,0.552743642,1,1,122
1,1,0.009888833333333333,0.7247916666666666,0.7605166666666666,0.7605166666666666,1,0.5527436420000001,1,1,123
1,1,0.0,0.33205,0.20650000000000002,0.20650000000000002,1,0.552743642,1,1,124
1,1,0.0,0.2931,0.1148,0.1148,1,0.552743642,1,1,125
1,1,0.0,0.3688,0.0713,0.0713,1,0.552743642,1,1,126
1,1,0.0197745,0.28575,0.05015,0.05015,1,0.552743642,1,1,127
1,1,0.131357,0.2167,0.0465,0.0465,1,0.552743642,1,1,128
1,1,0.19497466666666666,0.30693333333333334,0.09396666666666668,0.09396666666666668,1,0.552743642,1,1,129
1,1,0.153458,0.3381,0.2356,0.2356,1,0.552743642,1,1,130
1,1,0.0674475,0.35435,0.34885,0.34885,1,0.552743642,1,1,131
1,1,0.008014,0.4301,0.4796,0.4796,1,0.552743642,1,1,132
1,1,0.0,0.5797,0.537,0.537,1,0.552743642,1,1,133
1,1,0.0,0.5904499999999999,0.6556,0.6556,1,0.552743642,1,1,134
1,1,0.0,0.4939,0.7075,0.7075,1,0.552743642,1,1,135
1,1,0.0,0.4808,0.6795,0.6795,1,0.552743642,1,1,136
1,1,0.0,0.4028,0.6804,0.6804,1,0.552743642,1,1,137
1,1,0.0,0.23632857142857142,0.6979857142857143,0.6979857142857143,1,0.5527436420000001,1,1,138
1,1,0.0061065,0.2622,0.82455,0.82455,1,0.552743642,1,1,139
1,1,0.143568,0.4007,0.8845,0.8845,1,0.552743642,1,1,140
1,1,0.296938,0.5556,0.8849,0.8849,1,0.552743642,1,1,141
1,1,0.5511346666666667,0.6682666666666667,0.8779,0.8779,1,0.552743642,1,1,142
1,1,0.464463,0.8015,0.8765,0.8765,1,0.552743642,1,1,143
1,1,0.284585,0.82,0.8542,0.8542,1,0.552743642,1,1,144
1,1,0.014653777777777778,0.8347555555555556,0.7797055555555557,0.7797055555555557,1,0.552743642,1,1,145
1,1,0.3005342,0.7945800000000001,0.7874000000000001,0.7874000000000001,1,0.552743642,1,1,146
1,1,0.015511055555555557,0.7572722222222223,0.693861111111111,0.693861111111111,1,0.552743642,1,1,147
1,1,0.075213,0.468,0.1742,0.1742,1,0.552743642,1,1,148
1,1,0.113391,0.2879,0.1317,0.1317,1,0.552743642,1,1,149
1,1,0.1379344,0.09108000000000001,0.11148,0.11148,1,0.552743642,1,1,150
1,1,0.020811,0.083,0.2646,0.2646,1,0.552743642,1,1,151
1,1,0.003199,0.1492,0.4922,0.4922,1,0.552743642,1,1,152
1,1,0.0,0.19740000000000002,0.66065,0.66065,1,0.552743642,1,1,153
1,1,0.0009993846153846153,0.3495307692307693,0.8338230769230771,0.8338230769230771,1,0.5527436420000001,1,1,154
1,1,0.112071,0.6674,0.5719,0.5719,1,0.552743642,1,1,155
1,1,0.275881,0.7284666666666667,0.6615333333333333,0.6615333333333333,1,0.552743642,1,1,156
1,1,0.263747,0.7894,0.7801666666666667,0.7801666666666667,1,0.552743642,1,1,157
1,1,0.015769263157894738,0.7911894736842106,0.8804736842105263,0.8804736842105263,1,0.552743642,1,1,158
1,1,0.24265,0.7039,0.7513,0.7513,1,0.552743642,1,1,159
1,1,0.321817,0.6222,0.6601,0.6601,1,0.552743642,1,1,160
1,1,0.27739349999999996,0.60005,0.5519000000000001,0.5519000000000001,1,0.552743642,1,1,161
1,1,0.13989,0.6741,0.5254,0.5254,1,0.552743642,1,1,162
1,1,0.092283,0.771,0.588,0.588,1,0.552743642,1,1,163
1,1,0.012865,0.7408,0.6437,0.6437,1,0.552743642,1,1,164
1,1,0.009807125,0.7992249999999999,0.85346875,0.85346875,1,0.5527436420000001,1,1,165
1,1,0.385231,0.8571,0.8958,0.8958,1,0.552743642,1,1,166
1,1,0.5653994999999999,0.838625,0.870125,0.870125,1,0.552743642,1,1,167
1,1,0.411845,0.8218,0.6831,0.6831,1,0.552743642,1,1,168
1,1,0.183558,0.8002,0.5814,0.5814,1,0.552743642,1,1,169
1,1,0.020947,0.7633,0.5137,0.5137,1,0.552743642,1,1,170
1,1,0.0,0.6619999999999999,0.489475,0.489475,1,0.552743642,1,1,171
1,1,0.0,0.5256,0.4099,0.4099,1,0.552743642,1,1,172
1,1,0.0,0.3826,0.23764999999999997,0.23764999999999997,1,0.552743642,1,1,173
1,1,0.0,0.42105000000000004,0.137775,0.137775,1,0.552743642,1,1,174
1,1,0.0,0.1936,0.1862,0.1862,1,0.552743642,1,1,175
1,1,0.0,0.21960000000000002,0.2342,0.2342,1,0.552743642,1,1,176
1,1,0.006403,0.2297,0.3144,0.3144,1,0.552743642,1,1,177
1,1,0.0468595,0.2299,0.47275,0.47275,1,0.552743642,1,1,178
1,1,0.137718,0.11289999999999999,0.4275142857142857,0.4275142857142857,1,0.5527436420000001,1,1,179
1,1,0.0,0.2613,0.4554,0.4554,1,0.552743642,1,1,180
1,1,0.0,0.4012,0.5176,0.5176,1,0.552743642,1,1,181
1,1,0.0,0.4645,0.6303,0.6303,1,0.552743642,1,1,182
1,1,0.0,0.49815,0.8169500000000001,0.8169500000000001,1,0.552743642,1,1,183
1,1,0.011342363636363635,0.6534272727272726,0.8994545454545455,0.8994545454545455,1,0.5527436420000001,1,1,184
1,1,0.228029,0.6263,0.8983,0.8983,1,0.552743642,1,1,185
1,1,0.376752,0.6019,0.8963,0.8963,1,0.552743642,1,1,186
1,1,0.563936,0.5329666666666667,0.8890666666666666,0.8890666666666666,1,0.552743642,1,1,187
1,1,0.442709,0.5072,0.8889,0.8889,1,0.552743642,1,1,188
1,1,0.19428,0.5576,0.8883,0.8883,1,0.552743642,1,1,189
1,1,0.022812,0.552,0.8941,0.8941,1,0.552743642,1,1,190
1,1,0.0,0.7015,0.8781000000000001,0.8781000000000001,1,0.5527436420000001,1,1,191
1,1,0.0075975,0.50515,0.84675,0.84675,1,0.552743642,1,1,192
1,1,0.155155,0.4571,0.8253,0.8253,1,0.552743642,1,1,193
1,1,0.310234,0.4188,0.7839,0.7839,1,0.552743642,1,1,194
1,1,0.47379925,0.37992499999999996,0.73915,0.73915,1,0.552743642,1,1,195
1,1,0.367035,0.2753,0.7383,0.7383,1,0.552743642,1,1,196
1,1,0.196747,0.2911,0.7379,0.7379,1,0.552743642,1,1,197
1,1,0.027521,0.3408,0.746,0.746,1,0.552743642,1,1,198
1,1,0.0,0.5055499999999999,0.761325,0.761325,1,0.552743642,1,1,199
1,1,0.0014692727272727273,0.6634454545454546,0.4620454545454546,0.4620454545454546,1,0.5527436420000001,1,1,200
1,1,0.146925,0.5022,0.2079,0.2079,1,0.552743642,1,1,201
1,1,0.363805,0.4407,0.2421,0.2421,1,0.552743642,1,1,202
1,1,0.498021,0.3477,0.2618,0.2618,1,0.552743642,1,1,203
1,1,0.580436,0.2931,0.25255,0.25255,1,0.552743642,1,1,204
1,1,0.38501,0.3239,0.2677,0.2677,1,0.552743642,1,1,205
1,1,0.193056,0.3042,0.2447,0.2447,1,0.552743642,1,1,206
1,1,0.0623075,0.3664,0.29725,0.29725,1,0.552743642,1,1,207
1,1,0.0,0.5319,0.37539999999999996,0.37539999999999996,1,0.552743642,1,1,208
1,1,0.0,0.6507666666666667,0.47066666666666673,0.47066666666666673,1,0.552743642,1,1,209
1,1,0.0007015999999999999,0.61134,0.37078,0.37078,1,0.5527436420000001,1,1,210
1,1,0.07502,0.44815,0.2777,0.2777,1,0.552743642,1,1,211
1,1,0.2567005,0.38539999999999996,0.2208,0.2208,1,0.552743642,1,1,212
1,1,0.41713,0.35014999999999996,0.175,0.175,1,0.552743642,1,1,213
1,1,0.231009,0.4655,0.1947,0.1947,1,0.552743642,1,1,214
1,1,0.131541,0.425,0.2232,0.2232,1,0.552743642,1,1,215
1,1,0.018194,0.5133,0.3221,0.3221,1,0.552743642,1,1,216
1,1,0.0,0.565,0.4486,0.4486,1,0.552743642,1,1,217
1,1,0.0,0.66585,0.5974999999999999,0.5974999999999999,1,0.552743642,1,1,218
1,1,0.0014661666666666666,0.473975,0.8365166666666667,0.8365166666666667,1,0.5527436420000001,1,1,219
1,1,0.179445,0.313,0.7836,0.7836,1,0.552743642,1,1,220
1,1,0.385042,0.1536,0.7718,0.7718,1,0.552743642,1,1,221
1,1,0.563032,0.0589,0.7444,0.7444,1,0.552743642,1,1,222
1,1,0.6407276666666667,0.018333333333333333,0.6946333333333333,0.6946333333333333,1,0.552743642,1,1,223
1,1,0.439795,0.0287,0.6258,0.6258,1,0.552743642,1,1,224
1,1,0.196636,0.0272,0.5562,0.5562,1,0.552743642,1,1,225
1,1,0.024425,0.0578,0.5387,0.5387,1,0.552743642,1,1,226
1,1,0.0,0.06359999999999999,0.46657499999999996,0.46657499999999996,1,0.552743642,1,1,227
1,1,0.0,0.1419,0.3699,0.3699,1,0.552743642,1,1,228
1,1,0.0,0.2809,0.3201,0.3201,1,0.552743642,1,1,229
1,1,0.0,0.1982,0.3257,0.3257,1,0.552743642,1,1,230
1,1,0.001952875,0.24782500000000002,0.2095125,0.2095125,1,0.5527436420000001,1,1,231
1,1,0.100982,0.1547,0.1456,0.1456,1,0.552743642,1,1,232
1,1,0.290557,0.1066,0.1404,0.1404,1,0.552743642,1,1,233
1,1,0.5198122,0.04962,0.11526,0.11526,1,0.552743642,1,1,234
1,1,0.260708,0.0387,0.1524,0.1524,1,0.552743642,1,1,235
1,1,0.009882333333333333,0.17683333333333331,0.18873333333333334,0.18873333333333334,1,0.5527436420000001,1,1,236
1,1,0.0,0.2582,0.2468,0.2468,1,0.552743642,1,1,237
1,1,0.0022061111111111114,0.13775555555555555,0.4077666666666666,0.4077666666666666,1,0.5527436420000001,1,1,238
1,1,0.14533,0.0522,0.4326,0.4326,1,0.552743642,1,1,239
1,1,0.325306,0.0422,0.453,0.453,1,0.552743642,1,1,240
1,1,0.54486,0.0274,0.5043,0.5043,1,0.552743642,1,1,241
1,1,0.6488623333333333,0.021599999999999998,0.5532333333333334,0.5532333333333334,1,0.552743642,1,1,242
1,1,0.437905,0.0247,0.6,0.6,1,0.552743642,1,1,243
1,1,0.243024,0.0327,0.5967,0.5967,1,0.552743642,1,1,244
1,1,0.0024784666666666662,0.09236666666666665,0.48571333333333333,0.48571333333333333,1,0.5527436420000001,1,1,245
1,1,0.05463,0.1321,0.2762,0.2762,1,0.552743642,1,1,246
1,1,0.17667225,0.09607500000000001,0.246525,0.246525,1,0.552743642,1,1,247
1,1,0.19221225,0.043,0.41305000000000003,0.41305000000000003,1,0.552743642,1,1,248
1,1,0.0027101666666666667,0.1148,0.5595833333333333,0.5595833333333333,1,0.5527436420000001,1,1,249
1,1,0.0,0.1687,0.6083,0.6083,1,0.552743642,1,1,250
1,1,0.0,0.0697,0.5509,0.5509,1,0.552743642,1,1,251
1,1,0.0,0.054933333333333334,0.7202333333333334,0.7202333333333334,1,0.5527436420000001,1,1,252
1,1,0.10748345454545455,0.06733636363636364,0.7971909090909091,0.7971909090909091,1,0.5527436420000001,1,1,253
1,1,0.0034248,0.3450666666666667,0.7710266666666666,0.7710266666666666,1,0.5527436420000001,1,1,254
1,1,0.199988,0.4667,0.7765,0.7765,1,0.552743642,1,1,255
1,1,0.4938968000000001,0.3066,0.74632,0.74632,1,0.552743642,1,1,256
1,1,0.350077,0.2474,0.634,0.634,1,0.552743642,1,1,257
1,1,0.148069,0.2947,0.6106,0.6106,1,0.552743642,1,1,258
1,1,0.034396,0.3388,0.5971,0.5971,1,0.552743642,1,1,259
1,1,8.571428571428571e-5,0.29661428571428566,0.7470857142857144,0.7470857142857144,1,0.5527436420000001,1,1,260
1,1,0.006777,0.10273749999999998,0.741475,0.741475,1,0.533235667,1,1,261
1,1,0.20218,0.0765,0.6644,0.6644,1,0.533235667,1,1,262
1,1,0.450357,0.0413,0.6592,0.6592,1,0.533235667,1,1,263
1,1,0.603885,0.0267,0.6471,0.6471,1,0.533235667,1,1,264
1,1,0.7343005,0.02935,0.60355,0.60355,1,0.533235667,1,1,265
1,1,0.602542,0.0335,0.5894,0.5894,1,0.533235667,1,1,266
1,1,0.402018,0.0527,0.5709,0.5709,1,0.533235667,1,1,267
1,1,0.19422,0.0807,0.5198,0.5198,1,0.533235667,1,1,268
1,1,0.00820135294117647,0.2896470588235294,0.33021176470588237,0.33021176470588237,1,0.5332356669999998,1,1,269
1,1,0.253639,0.1544,0.13215,0.13215,1,0.533235667,1,1,270
1,1,0.4346776666666667,0.06356666666666666,0.0941,0.0941,1,0.533235667,1,1,271
1,1,0.227649,0.0865,0.072,0.072,1,0.533235667,1,1,272
1,1,0.024069200000000002,0.23702,0.07154,0.07154,1,0.533235667,1,1,273
1,1,0.0,0.518,0.078,0.078,1,0.533235667,1,1,274
1,1,0.0,0.4827,0.07085,0.07085,1,0.533235667,1,1,275
1,1,0.031234558823529407,0.20185294117647057,0.08111176470588237,0.08111176470588237,1,0.5332356669999997,1,1,276
1,1,0.255828,0.2637,0.1029,0.1029,1,0.533235667,1,1,277
1,1,0.41662750000000004,0.18635000000000002,0.08765,0.08765,1,0.533235667,1,1,278
1,1,0.2446105,0.19065,0.0688,0.0688,1,0.533235667,1,1,279
1,1,0.017081920000000004,0.2137120000000001,0.36687600000000004,0.36687600000000004,1,0.5332356669999997,1,1,280
1,1,0.0177965,0.8240777777777776,0.8749888888888889,0.8749888888888889,1,0.5332356669999998,1,1,281
1,1,0.323272,0.806,0.8873,0.8873,1,0.533235667,1,1,282
1,1,0.5040735,0.808275,0.889025,0.889025,1,0.533235667,1,1,283
1,1,0.268326,0.8492,0.8728,0.8728,1,0.533235667,1,1,284
1,1,0.012604235294117649,0.8570529411764705,0.8616647058823531,0.8616647058823531,1,0.5332356669999998,1,1,285
1,1,0.20427,0.8087,0.6548,0.6548,1,0.533235667,1,1,286
1,1,0.351301,0.7999,0.6374,0.6374,1,0.533235667,1,1,287
1,1,0.457524,0.7357,0.6366,0.6366,1,0.533235667,1,1,288
1,1,0.351635,0.7539,0.6651,0.6651,1,0.533235667,1,1,289
1,1,0.196217,0.677,0.6422,0.6422,1,0.533235667,1,1,290
1,1,0.06664266666666667,0.5293666666666667,0.6494666666666666,0.6494666666666666,1,0.533235667,1,1,291
1,1,0.0024668,0.39311999999999997,0.44112666666666667,0.44112666666666667,1,0.5332356669999998,1,1,292
1,1,0.187712,0.3769,0.6137,0.6137,1,0.533235667,1,1,293
1,1,0.327603,0.3865,0.6877,0.6877,1,0.533235667,1,1,294
1,1,0.537733,0.44105,0.69445,0.69445,1,0.533235667,1,1,295
1,1,0.606136,0.505,0.616,0.616,1,0.533235667,1,1,296
1,1,0.480003,0.51605,0.5502499999999999,0.5502499999999999,1,0.533235667,1,1,297
1,1,0.280158,0.5559,0.4752,0.4752,1,0.533235667,1,1,298
1,1,0.008680176470588235,0.3498823529411764,0.24722941176470592,0.24722941176470592,1,0.5332356669999998,1,1,299
1,1,0.255886,0.1338,0.1127,0.1127,1,0.533235667,1,1,300
1,1,0.4210005,0.16285,0.16675,0.16675,1,0.533235667,1,1,301
1,1,0.081605,0.37660000000000005,0.4449833333333333,0.4449833333333333,1,0.533235667,1,1,302
1,1,0.009896466666666666,0.7307933333333333,0.8829266666666665,0.8829266666666665,1,0.5332356669999998,1,1,303
1,1,0.274099,0.7075,0.8158,0.8158,1,0.533235667,1,1,304
1,1,0.417381,0.6565,0.7153,0.7153,1,0.533235667,1,1,305
1,1,0.483298,0.5574,0.6364,0.6364,1,0.533235667,1,1,306
1,1,0.448747,0.4833,0.5829,0.5829,1,0.533235667,1,1,307
1,1,0.426968,0.3948,0.5231,0.5231,1,0.533235667,1,1,308
1,1,0.30994,0.3534,0.4383,0.4383,1,0.533235667,1,1,309
1,1,0.03929642857142857,0.3756142857142857,0.3218571428571429,0.3218571428571429,1,0.533235667,1,1,310
1,1,0.0,0.394,0.2178,0.2178,1,0.533235667,1,1,311
1,1,0.014016499999999998,0.30004,0.25972999999999996,0.25972999999999996,1,0.5332356669999999,1,1,312
1,1,0.099942,0.2467,0.6736,0.6736,1,0.533235667,1,1,313
1,1,0.04492471428571428,0.39185714285714285,0.848657142857143,0.848657142857143,1,0.5332356669999998,1,1,314
1,1,0.0,0.7814399999999999,0.84276,0.84276,1,0.533235667,1,1,315
1,1,0.0,0.8379,0.6774,0.6774,1,0.533235667,1,1,316
1,1,0.030080666666666662,0.8021333333333333,0.5994666666666667,0.5994666666666667,1,0.533235667,1,1,317
1,1,0.19515,0.763,0.4899,0.4899,1,0.533235667,1,1,318
1,1,0.3202835,0.6895,0.4001,0.4001,1,0.533235667,1,1,319
1,1,0.238972,0.6016,0.3032,0.3032,1,0.533235667,1,1,320
1,1,0.020307199999999997,0.47178499999999995,0.36606500000000003,0.36606500000000003,1,0.5332356669999998,1,1,321
1,1,0.2537258,0.17968,0.34952,0.34952,1,0.533235667,1,1,322
1,1,0.027347999999999997,0.4104315789473684,0.6268631578947369,0.6268631578947369,1,0.5332356669999998,1,1,323
1,1,0.402137,0.3008,0.3559,0.3559,1,0.533235667,1,1,324
1,1,0.636873,0.2132,0.3037,0.3037,1,0.533235667,1,1,325
1,1,0.798312,0.1763,0.2193,0.2193,1,0.533235667,1,1,326
1,1,0.684698,0.1877,0.1955,0.1955,1,0.533235667,1,1,327
1,1,0.515355,0.214,0.2087,0.2087,1,0.533235667,1,1,328
1,1,0.268965,0.2935,0.2437,0.2437,1,0.533235667,1,1,329
1,1,0.082438,0.2907,0.2856,0.2856,1,0.533235667,1,1,330
1,1,0.00040125,0.4073875,0.6166625,0.6166625,1,0.533235667,1,1,331
1,1,0.008268000000000001,0.7398285714285714,0.7982285714285714,0.7982285714285714,1,0.533235667,1,1,332
1,1,0.23777,0.7514,0.6505,0.6505,1,0.533235667,1,1,333
1,1,0.445216,0.6754,0.6106,0.6106,1,0.533235667,1,1,334
1,1,0.40618,0.7387,0.5467,0.5467,1,0.533235667,1,1,335
1,1,0.514817,0.718,0.4849,0.4849,1,0.533235667,1,1,336
1,1,0.4764705,0.7715000000000001,0.39015,0.39015,1,0.533235667,1,1,337
1,1,0.1350705,0.75115,0.31255,0.31255,1,0.533235667,1,1,338
1,1,0.0044327142857142855,0.27350714285714284,0.2425142857142857,0.2425142857142857,1,0.5332356669999998,1,1,339
1,1,0.001204,0.2456,0.5695,0.5695,1,0.533235667,1,1,340
1,1,0.023042,0.2097,0.7187,0.7187,1,0.533235667,1,1,341
1,1,0.06889576190476192,0.2556380952380953,0.6332190476190475,0.6332190476190475,1,0.5332356669999998,1,1,342
1,1,0.0,0.1639,0.5649,0.5649,1,0.533235667,1,1,343
1,1,0.001001,0.182,0.6612,0.6612,1,0.533235667,1,1,344
1,1,0.023168,0.1487,0.7082,0.7082,1,0.533235667,1,1,345
1,1,0.124075,0.1212,0.6989,0.6989,1,0.533235667,1,1,346
1,1,0.315656,0.0896,0.6813,0.6813,1,0.533235667,1,1,347
1,1,0.4613753333333333,0.10273333333333333,0.5696,0.5696,1,0.533235667,1,1,348
1,1,0.259115,0.10815,0.38380000000000003,0.38380000000000003,1,0.533235667,1,1,349
1,1,0.00804735294117647,0.22511176470588237,0.24942352941176468,0.24942352941176468,1,0.5332356669999998,1,1,350
1,1,0.26672,0.3026,0.3754,0.3754,1,0.533235667,1,1,351
1,1,0.45945,0.284,0.3779,0.3779,1,0.533235667,1,1,352
1,1,0.6790702500000001,0.328325,0.41142500000000004,0.41142500000000004,1,0.533235667,1,1,353
1,1,0.525012,0.4172,0.457,0.457,1,0.533235667,1,1,354
1,1,0.348031,0.4674,0.4811,0.4811,1,0.533235667,1,1,355
1,1,0.114477,0.4519,0.536,0.536,1,0.533235667,1,1,356
1,1,0.008391,0.5057,0.5986,0.5986,1,0.533235667,1,1,357
1,1,0.0,0.6173,0.6146,0.6146,1,0.533235667,1,1,358
1,1,0.0,0.4975333333333333,0.6932999999999999,0.6932999999999999,1,0.533235667,1,1,359
1,1,0.0,0.5264,0.6508,0.6508,1,0.533235667,1,1,360
1,1,0.0235468,0.55445,0.39857,0.39857,1,0.5332356669999999,1,1,361
1,1,0.450816,0.1952,0.1635,0.1635,1,0.533235667,1,1,362
1,1,0.656301,0.11325,0.14015,0.14015,1,0.533235667,1,1,363
1,1,0.5013425,0.05790000000000001,0.08215,0.08215,1,0.533235667,1,1,364
1,1,0.336092,0.0434,0.0644,0.0644,1,0.533235667,1,1,365
1,1,0.0397465,0.03906666666666667,0.162,0.162,1,0.533235667,1,1,366
1,1,0.0,0.0425,0.3828,0.3828,1,0.533235667,1,1,367
1,1,0.0,0.06215,0.49470000000000003,0.49470000000000003,1,0.533235667,1,1,368
1,1,0.0,0.06965,0.8427166666666666,0.8427166666666666,1,0.533235667,1,1,369
1,1,0.0194205,0.09784999999999999,0.88845,0.88845,1,0.533235667,1,1,370
1,1,0.174918,0.0802,0.8942,0.8942,1,0.533235667,1,1,371
1,1,0.32537499999999997,0.0853,0.829225,0.829225,1,0.533235667,1,1,372
1,1,0.166625,0.1032,0.6405,0.6405,1,0.533235667,1,1,373
1,1,0.199608,0.13535,0.488,0.488,1,0.533235667,1,1,374
1,1,0.010106500000000001,0.4101437499999999,0.3943937500000001,0.3943937500000001,1,0.5332356669999998,1,1,375
1,1,0.304172,0.3825,0.1876,0.1876,1,0.533235667,1,1,376
1,1,0.5178402,0.46312,0.17784,0.17784,1,0.533235667,1,1,377
1,1,0.42436,0.6001,0.223,0.223,1,0.533235667,1,1,378
1,1,0.207507,0.6869,0.2438,0.2438,1,0.533235667,1,1,379
1,1,0.036441,0.7154,0.347,0.347,1,0.533235667,1,1,380
1,1,0.0006696666666666666,0.7901333333333334,0.5511333333333334,0.5511333333333334,1,0.533235667,1,1,381
1,1,0.00670525,0.8342333333333333,0.8243166666666665,0.8243166666666665,1,0.5332356669999999,1,1,382
1,1,0.313524,0.8194,0.8228,0.8228,1,0.533235667,1,1,383
1,1,0.45038599999999995,0.8401,0.7331666666666666,0.7331666666666666,1,0.533235667,1,1,384
1,1,0.273774,0.8549,0.7228,0.7228,1,0.533235667,1,1,385
1,1,0.081464,0.8525,0.713,0.713,1,0.533235667,1,1,386
1,1,0.0014008,0.8205600000000001,0.58556,0.58556,1,0.533235667,1,1,387
1,1,0.0,0.826,0.4474,0.4474,1,0.533235667,1,1,388
1,1,0.0,0.8148,0.3868,0.3868,1,0.533235667,1,1,389
1,1,0.0,0.732,0.3299,0.3299,1,0.533235667,1,1,390
1,1,0.0,0.64025,0.19902499999999998,0.19902499999999998,1,0.533235667,1,1,391
1,1,0.0,0.5248,0.111,0.111,1,0.533235667,1,1,392
1,1,0.0857982,0.2548,0.18384,0.18384,1,0.533235667,1,1,393
1,1,0.14607933333333334,0.0612,0.4721333333333333,0.4721333333333333,1,0.533235667,1,1,394
1,1,0.013849222222222221,0.14504444444444442,0.7507666666666667,0.7507666666666667,1,0.533235667,1,1,395
1,1,0.0,0.3756,0.892,0.892,1,0.533235667,1,1,396
1,1,0.0,0.51435,0.8983666666666666,0.8983666666666666,1,0.533235667,1,1,397
1,1,0.003198,0.6916,0.8823,0.8823,1,0.533235667,1,1,398
1,1,0.11656625,0.758775,0.779325,0.779325,1,0.533235667,1,1,399
1,1,0.2322605,0.7648,0.593225,0.593225,1,0.533235667,1,1,400
1,1,0.03979133333333333,0.7283333333333334,0.8169166666666667,0.8169166666666667,1,0.533235667,1,1,401
1,1,0.0,0.6031500000000001,0.84705,0.84705,1,0.533235667,1,1,402
1,1,0.0,0.5037285714285715,0.8335,0.8335,1,0.533235667,1,1,403
1,1,0.006392,0.5678,0.8369,0.8369,1,0.533235667,1,1,404
1,1,0.100442,0.4759,0.8415,0.8415,1,0.533235667,1,1,405
1,1,0.245243,0.4103,0.8428,0.8428,1,0.533235667,1,1,406
1,1,0.417336,0.419,0.8414,0.8414,1,0.533235667,1,1,407
1,1,0.5325067499999999,0.423925,0.87785,0.87785,1,0.533235667,1,1,408
1,1,0.285762,0.44984999999999997,0.89525,0.89525,1,0.533235667,1,1,409
1,1,0.10722,0.4464,0.9051,0.9051,1,0.533235667,1,1,410
1,1,0.007192,0.48109999999999997,0.90645,0.90645,1,0.533235667,1,1,411
1,1,0.009164384615384616,0.8135307692307691,0.8958307692307692,0.8958307692307692,1,0.5332356669999998,1,1,412
1,1,0.307304,0.8691,0.869,0.869,1,0.533235667,1,1,413
1,1,0.6906491666666668,0.8691166666666668,0.8798499999999999,0.8798499999999999,1,0.533235667,1,1,414
1,1,0.385228,0.8736,0.884,0.884,1,0.533235667,1,1,415
1,1,0.019261,0.8437937499999999,0.8763625000000002,0.8763625000000002,1,0.5332356669999998,1,1,416
1,1,0.374579,0.8358,0.8424,0.8424,1,0.533235667,1,1,417
1,1,0.610568,0.8249,0.8237,0.8237,1,0.533235667,1,1,418
1,1,0.699616,0.7982,0.7655,0.7655,1,0.533235667,1,1,419
1,1,0.735611,0.8435,0.6715,0.6715,1,0.533235667,1,1,420
1,1,0.517353,0.8547499999999999,0.70455,0.70455,1,0.533235667,1,1,421
1,1,0.314583,0.8674,0.75375,0.75375,1,0.533235667,1,1,422
1,1,0.009387266666666668,0.7974866666666666,0.7316466666666667,0.7316466666666667,1,0.5332356669999998,1,1,423
1,1,0.146313,0.7626,0.4176,0.4176,1,0.533235667,1,1,424
1,1,0.371304,0.6832,0.4055,0.4055,1,0.533235667,1,1,425
1,1,0.603728,0.6454,0.435,0.435,1,0.533235667,1,1,426
1,1,0.736138,0.742675,0.406675,0.406675,1,0.533235667,1,1,427
1,1,0.604433,0.8355,0.3865,0.3865,1,0.533235667,1,1,428
1,1,0.393515,0.8317,0.3848,0.3848,1,0.533235667,1,1,429
1,1,0.15663,0.7767,0.3995,0.3995,1,0.533235667,1,1,430
1,1,0.013997,0.7848,0.4486,0.4486,1,0.533235667,1,1,431
1,1,0.0,0.7878999999999999,0.5662666666666666,0.5662666666666666,1,0.533235667,1,1,432
1,1,0.0,0.6771,0.6257,0.6257,1,0.533235667,1,1,433
1,1,0.0,0.5481499999999999,0.6257,0.6257,1,0.533235667,1,1,434
1,1,0.0016561428571428571,0.5164714285714286,0.33451428571428565,0.33451428571428565,1,0.569549383,1,1,435
1,1,0.137458,0.4956,0.2627,0.2627,1,0.569549383,1,1,436
1,1,0.327982,0.4682,0.3358,0.3358,1,0.569549383,1,1,437
1,1,0.484269,0.4449,0.424,0.424,1,0.569549383,1,1,438
1,1,0.562421,0.486,0.482,0.482,1,0.569549383,1,1,439
1,1,0.498452,0.5431,0.5945,0.5945,1,0.569549383,1,1,440
1,1,0.430209,0.5546,0.6879,0.6879,1,0.569549383,1,1,441
1,1,0.036681,0.67085,0.8251055555555555,0.8251055555555555,1,0.569549383,1,1,442
1,1,0.140493,0.22265000000000001,0.35805,0.35805,1,0.569549383,1,1,443
1,1,0.38475349999999997,0.0948,0.1105,0.1105,1,0.569549383,1,1,444
1,1,0.487399,0.1402,0.3283,0.3283,1,0.569549383,1,1,445
1,1,0.383933,0.1842,0.6673,0.6673,1,0.569549383,1,1,446
1,1,0.259619,0.2645,0.765,0.765,1,0.569549383,1,1,447
1,1,0.016026307692307694,0.5776538461538464,0.899905128205128,0.899905128205128,1,0.5695493830000006,1,1,448
1,1,0.136603,0.7949,0.9114,0.9114,1,0.569549383,1,1,449
1,1,0.3749,0.7976,0.9113,0.9113,1,0.569549383,1,1,450
1,1,0.6675685000000001,0.8189833333333335,0.9105833333333334,0.9105833333333334,1,0.569549383,1,1,451
1,1,0.411315,0.8534,0.911,0.911,1,0.569549383,1,1,452
1,1,0.168215,0.8566,0.9092,0.9092,1,0.569549383,1,1,453
1,1,0.001853642857142857,0.7722214285714285,0.7782928571428572,0.7782928571428572,1,0.569549383,1,1,454
1,1,0.128448,0.5076,0.4712,0.4712,1,0.569549383,1,1,455
1,1,0.277721,0.3056,0.432,0.432,1,0.569549383,1,1,456
1,1,0.5374646666666667,0.21170000000000003,0.39248333333333335,0.39248333333333335,1,0.569549383,1,1,457
1,1,0.377581,0.2519,0.3752,0.3752,1,0.569549383,1,1,458
1,1,0.151588,0.1671,0.3795,0.3795,1,0.569549383,1,1,459
1,1,0.016798,0.1334,0.3997,0.3997,1,0.569549383,1,1,460
1,1,0.0,0.1704,0.4373,0.4373,1,0.569549383,1,1,461
1,1,0.0,0.266,0.4886,0.4886,1,0.569549383,1,1,462
1,1,0.0,0.3643,0.4912,0.4912,1,0.569549383,1,1,463
1,1,0.0,0.2451,0.5007,0.5007,1,0.569549383,1,1,464
1,1,0.0,0.2982,0.4428,0.4428,1,0.569549383,1,1,465
1,1,0.0022537499999999997,0.3251875,0.1899125,0.1899125,1,0.569549383,1,1,466
1,1,0.100117,0.2918,0.1368,0.1368,1,0.569549383,1,1,467
1,1,0.280607,0.2404,0.1712,0.1712,1,0.569549383,1,1,468
1,1,0.396063,0.2354,0.1728,0.1728,1,0.569549383,1,1,469
1,1,0.5033515,0.28135,0.23765000000000003,0.23765000000000003,1,0.569549383,1,1,470
1,1,0.434276,0.2906,0.366,0.366,1,0.569549383,1,1,471
1,1,0.343306,0.2819,0.5482,0.5482,1,0.569549383,1,1,472
1,1,0.254133,0.3075,0.6752,0.6752,1,0.569549383,1,1,473
1,1,0.020945444444444444,0.4368722222222223,0.6437055555555555,0.6437055555555555,1,0.569549383,1,1,474
1,1,0.13938,0.6571,0.568,0.568,1,0.569549383,1,1,475
1,1,0.169592,0.6186,0.6468,0.6468,1,0.569549383,1,1,476
1,1,0.0489136,0.31510999999999995,0.6046699999999999,0.6046699999999999,1,0.569549383,1,1,477
1,1,0.155784,0.4245,0.1806,0.1806,1,0.569549383,1,1,478
1,1,0.32059,0.4124,0.1517,0.1517,1,0.569549383,1,1,479
1,1,0.521533,0.3499,0.1244,0.1244,1,0.569549383,1,1,480
1,1,0.634116,0.2848,0.1293,0.1293,1,0.569549383,1,1,481
1,1,0.7157296666666667,0.36093333333333333,0.17930000000000001,0.17930000000000001,1,0.569549383,1,1,482
1,1,0.541246,0.4984,0.1895,0.1895,1,0.569549383,1,1,483
1,1,0.354843,0.6164,0.2083,0.2083,1,0.569549383,1,1,484
1,1,0.152175,0.6702,0.2424,0.2424,1,0.569549383,1,1,485
1,1,0.0028315000000000002,0.7442285714285715,0.47192857142857153,0.47192857142857153,1,0.569549383,1,1,486
1,1,0.150529,0.6788,0.4473,0.4473,1,0.569549383,1,1,487
1,1,0.408594,0.6883,0.4354,0.4354,1,0.569549383,1,1,488
1,1,0.584443,0.642,0.4086,0.4086,1,0.569549383,1,1,489
1,1,0.7261005,0.644525,0.34072499999999994,0.34072499999999994,1,0.569549383,1,1,490
1,1,0.599163,0.6786,0.4266,0.4266,1,0.569549383,1,1,491
1,1,0.398297,0.7487,0.541,0.541,1,0.569549383,1,1,492
1,1,0.166647,0.7998,0.6759,0.6759,1,0.569549383,1,1,493
1,1,0.021398,0.802,0.7017,0.7017,1,0.569549383,1,1,494
1,1,0.0,0.7638,0.6725,0.6725,1,0.569549383,1,1,495
1,1,0.0,0.6085,0.6459,0.6459,1,0.569549383,1,1,496
1,1,0.0,0.5803,0.7071,0.7071,1,0.569549383,1,1,497
1,1,0.017575200000000003,0.53093,0.8783200000000001,0.8783200000000001,1,0.569549383,1,1,498
1,1,0.397272,0.2719,0.8537,0.8537,1,0.569549383,1,1,499
1,1,0.575897,0.2254,0.8146,0.8146,1,0.569549383,1,1,500
1,1,0.687031,0.2196,0.6858,0.6858,1,0.569549383,1,1,501
1,1,0.8399300000000001,0.2509,0.5226,0.5226,1,0.569549383,1,1,502
1,1,0.790754,0.2996,0.3706,0.3706,1,0.569549383,1,1,503
1,1,0.606588,0.3791,0.2984,0.2984,1,0.569549383,1,1,504
1,1,0.375023,0.4726,0.2519,0.2519,1,0.569549383,1,1,505
1,1,0.163079,0.4927,0.2269,0.2269,1,0.569549383,1,1,506
1,1,0.0039612,0.50704,0.33390000000000003,0.33390000000000003,1,0.569549383,1,1,507
1,1,0.0,0.532,0.6432,0.6432,1,0.569549383,1,1,508
1,1,0.019814666666666664,0.3888666666666667,0.7330777777777778,0.7330777777777778,1,0.569549383,1,1,509
1,1,0.335185,0.2572,0.7286,0.7286,1,0.569549383,1,1,510
1,1,0.520732,0.2089,0.7198,0.7198,1,0.569549383,1,1,511
1,1,0.703197,0.2072,0.6557,0.6557,1,0.569549383,1,1,512
1,1,0.8249225,0.1547,0.5146000000000001,0.5146000000000001,1,0.569549383,1,1,513
1,1,0.754066,0.1756,0.3804,0.3804,1,0.569549383,1,1,514
1,1,0.611045,0.2145,0.3182,0.3182,1,0.569549383,1,1,515
1,1,0.397251,0.2478,0.3447,0.3447,1,0.569549383,1,1,516
1,1,0.158784,0.2626,0.3693,0.3693,1,0.569549383,1,1,517
1,1,0.0040308571428571425,0.3297500000000001,0.4226999999999999,0.4226999999999999,1,0.569549383,1,1,518
1,1,0.188612,0.2248,0.2314,0.2314,1,0.569549383,1,1,519
1,1,0.438923,0.1386,0.2204,0.2204,1,0.569549383,1,1,520
1,1,0.625045,0.1112,0.1754,0.1754,1,0.569549383,1,1,521
1,1,0.81600475,0.08549999999999999,0.081825,0.081825,1,0.569549383,1,1,522
1,1,0.582396,0.0688,0.0565,0.0565,1,0.569549383,1,1,523
1,1,0.23476550000000002,0.06445000000000001,0.0911,0.0911,1,0.569549383,1,1,524
1,1,0.0027995,0.27823571428571425,0.12758571428571427,0.12758571428571427,1,0.569549383,1,1,525
1,1,0.144242,0.4026,0.1605,0.1605,1,0.569549383,1,1,526
1,1,0.274764,0.3602,0.2315,0.2315,1,0.569549383,1,1,527
1,1,0.482298,0.2977,0.3182,0.3182,1,0.569549383,1,1,528
1,1,0.720004,0.32565,0.3126,0.3126,1,0.569549383,1,1,529
1,1,0.833512,0.42100000000000004,0.22405,0.22405,1,0.569549383,1,1,530
1,1,0.686315,0.5501,0.2275,0.2275,1,0.569549383,1,1,531
1,1,0.445302,0.5414,0.2541,0.2541,1,0.569549383,1,1,532
1,1,0.201973,0.6473,0.3099,0.3099,1,0.569549383,1,1,533
1,1,0.004527357142857143,0.6132500000000001,0.47942142857142855,0.47942142857142855,1,0.569549383,1,1,534
1,1,0.203345,0.5567,0.56,0.56,1,0.569549383,1,1,535
1,1,0.474043,0.5961,0.5146,0.5146,1,0.569549383,1,1,536
1,1,0.708191,0.5041,0.429,0.429,1,0.569549383,1,1,537
1,1,0.819456,0.4922,0.351,0.351,1,0.569549383,1,1,538
1,1,0.8779005,0.49420000000000003,0.22215000000000001,0.22215000000000001,1,0.569549383,1,1,539
1,1,0.786601,0.4802,0.1456,0.1456,1,0.569549383,1,1,540
1,1,0.625895,0.5224,0.1283,0.1283,1,0.569549383,1,1,541
1,1,0.436456,0.5273,0.1485,0.1485,1,0.569549383,1,1,542
1,1,0.200796,0.4956,0.1806,0.1806,1,0.569549383,1,1,543
1,1,0.004217285714285714,0.6037928571428571,0.30012857142857136,0.30012857142857136,1,0.569549383,1,1,544
1,1,0.196438,0.5317,0.1683,0.1683,1,0.569549383,1,1,545
1,1,0.37217799999999995,0.46661249999999993,0.0970625,0.0970625,1,0.569549383,1,1,546
1,1,0.102553,0.3397,0.1294,0.1294,1,0.569549383,1,1,547
1,1,0.00155125,0.36601666666666666,0.18815,0.18815,1,0.569549383,1,1,548
1,1,0.000404,0.1367,0.1499,0.1499,1,0.569549383,1,1,549
1,1,0.037026,0.1122,0.1316,0.1316,1,0.569549383,1,1,550
1,1,0.32369870000000006,0.050629999999999994,0.11549000000000001,0.11549000000000001,1,0.569549383,1,1,551
1,1,0.0052836428571428565,0.3387428571428572,0.15969285714285714,0.15969285714285714,1,0.569549383,1,1,552
1,1,0.250765,0.355,0.2128,0.2128,1,0.569549383,1,1,553
1,1,0.494893,0.3197,0.1974,0.1974,1,0.569549383,1,1,554
1,1,0.69342,0.2729,0.1662,0.1662,1,0.569549383,1,1,555
1,1,0.837588,0.150925,0.084475,0.084475,1,0.569549383,1,1,556
1,1,0.643471,0.0995,0.0488,0.0488,1,0.569549383,1,1,557
1,1,0.438915,0.1448,0.0781,0.0781,1,0.569549383,1,1,558
1,1,0.201378,0.1574,0.1227,0.1227,1,0.569549383,1,1,559
1,1,0.032402,0.1723,0.1858,0.1858,1,0.569549383,1,1,560
1,1,0.0,0.3078,0.2555,0.2555,1,0.569549383,1,1,561
1,1,0.0019317499999999997,0.5432166666666666,0.3760916666666667,0.3760916666666667,1,0.569549383,1,1,562
1,1,0.124515,0.6288,0.4256,0.4256,1,0.569549383,1,1,563
1,1,0.198682,0.4919,0.4373,0.4373,1,0.569549383,1,1,564
1,1,0.243997,0.4835,0.3539,0.3539,1,0.569549383,1,1,565
1,1,0.16088760000000002,0.23316000000000003,0.4147,0.4147,1,0.569549383,1,1,566
1,1,0.008430799999999999,0.10314000000000001,0.6220399999999999,0.6220399999999999,1,0.569549383,1,1,567
1,1,2.2222222222222223e-5,0.1578111111111111,0.8231666666666667,0.8231666666666667,1,0.569549383,1,1,568
1,1,0.024372,0.0961,0.8262,0.8262,1,0.569549383,1,1,569
1,1,0.078607,0.068,0.822,0.822,1,0.569549383,1,1,570
1,1,0.17935,0.0605,0.8107,0.8107,1,0.569549383,1,1,571
1,1,0.4069563333333333,0.04176666666666667,0.8183833333333332,0.8183833333333332,1,0.569549383,1,1,572
1,1,0.295291,0.0718,0.7552,0.7552,1,0.569549383,1,1,573
1,1,0.151108,0.037,0.7328,0.7328,1,0.569549383,1,1,574
1,1,0.039218,0.0708,0.7094,0.7094,1,0.569549383,1,1,575
1,1,0.0,0.2432,0.6433,0.6433,1,0.569549383,1,1,576
1,1,0.0,0.2995,0.5408,0.5408,1,0.569549383,1,1,577
1,1,0.006103909090909091,0.4442545454545454,0.20244545454545457,0.20244545454545457,1,0.569549383,1,1,578
1,1,0.227932,0.5711,0.3512,0.3512,1,0.569549383,1,1,579
1,1,0.4715987142857143,0.7465571428571429,0.4452857142857143,0.4452857142857143,1,0.569549383,1,1,580
1,1,0.213646,0.8243,0.4193,0.4193,1,0.569549383,1,1,581
1,1,0.009780833333333334,0.6764,0.4744833333333333,0.4744833333333333,1,0.569549383,1,1,582
1,1,0.0,0.3979,0.4649,0.4649,1,0.569549383,1,1,583
1,1,0.0265355,0.23404999999999998,0.41335,0.41335,1,0.569549383,1,1,584
1,1,0.239155,0.1162,0.3028,0.3028,1,0.569549383,1,1,585
1,1,0.491214,0.0601,0.2506,0.2506,1,0.569549383,1,1,586
1,1,0.7530968333333332,0.026816666666666666,0.09738333333333334,0.09738333333333334,1,0.569549383,1,1,587
1,1,0.439478,0.0569,0.0227,0.0227,1,0.569549383,1,1,588
1,1,0.201983,0.0518,0.0235,0.0235,1,0.569549383,1,1,589
1,1,0.033201,0.0608,0.0292,0.0292,1,0.569549383,1,1,590
1,1,0.0,0.17945,0.045649999999999996,0.045649999999999996,1,0.569549383,1,1,591
1,1,0.0049773636363636365,0.24590000000000004,0.056727272727272716,0.056727272727272716,1,0.569549383,1,1,592
1,1,0.266175,0.1131,0.0765,0.0765,1,0.569549383,1,1,593
1,1,0.50785,0.094,0.0779,0.0779,1,0.569549383,1,1,594
1,1,0.7451202,0.14736,0.11066000000000001,0.11066000000000001,1,0.569549383,1,1,595
1,1,0.604457,0.1993,0.145,0.145,1,0.569549383,1,1,596
1,1,0.41198,0.1497,0.1645,0.1645,1,0.569549383,1,1,597
1,1,0.19694,0.1419,0.2029,0.2029,1,0.569549383,1,1,598
1,1,0.022322142857142856,0.3409249999999999,0.6567821428571429,0.6567821428571429,1,0.569549383,1,1,599
1,1,0.0,0.1832,0.8667,0.8667,1,0.569549383,1,1,600
1,1,0.0056765,0.32143,0.71661,0.71661,1,0.569549383,1,1,601
1,1,0.14655449999999998,0.6333,0.430625,0.430625,1,0.569549383,1,1,602
1,1,0.173714,0.7413,0.6644,0.6644,1,0.569549383,1,1,603
1,1,0.179421,0.7274,0.7559,0.7559,1,0.569549383,1,1,604
1,1,0.028629705882352943,0.7361235294117647,0.888135294117647,0.888135294117647,1,0.569549383,1,1,605
1,1,0.274879,0.5928,0.8894,0.8894,1,0.569549383,1,1,606
1,1,0.530198,0.5659,0.8729,0.8729,1,0.569549383,1,1,607
1,1,0.730477,0.516,0.8427,0.8427,1,0.569549383,1,1,608
1,1,0.8804820000000001,0.4608333333333334,0.7927,0.7927,1,0.569549383,1,1,609
1,1,0.774509,0.4331,0.7563,0.7563,1,0.569549383,1,1,610
1,1,0.589565,0.4146,0.7655,0.7655,1,0.569549383,1,1,611
1,1,0.340435,0.3464,0.7899,0.7899,1,0.569549383,1,1,612
1,1,0.158707,0.2599,0.7831,0.7831,1,0.569549383,1,1,613
1,1,0.0031238461538461537,0.2716230769230769,0.4977,0.4977,1,0.569549383,1,1,614
1,1,0.081077,0.138,0.3168,0.3168,1,0.569549383,1,1,615
1,1,0.274866,0.1197,0.3128,0.3128,1,0.569549383,1,1,616
1,1,0.519991,0.0938,0.2935,0.2935,1,0.569549383,1,1,617
1,1,0.71584,0.0951,0.2168,0.2168,1,0.569549383,1,1,618
1,1,0.791825,0.10300000000000001,0.13965,0.13965,1,0.569549383,1,1,619
1,1,0.592952,0.1266,0.098,0.098,1,0.569549383,1,1,620
1,1,0.479786,0.1417,0.0685,0.0685,1,0.569549383,1,1,621
1,1,0.298027,0.1857,0.0464,0.0464,1,0.569549383,1,1,622
1,1,0.114329,0.1683,0.0582,0.0582,1,0.569549383,1,1,623
1,1,0.032323,0.2295,0.0643,0.0643,1,0.569549383,1,1,624
1,1,0.000134,0.46036666666666665,0.11473333333333334,0.11473333333333334,1,0.569549383,1,1,625
1,1,0.0,0.59,0.1351,0.1351,1,0.569549383,1,1,626
1,1,0.0,0.4653,0.1375,0.1375,1,0.569549383,1,1,627
1,1,0.0,0.33216,0.12874,0.12874,1,0.569549383,1,1,628
1,1,0.030053333333333335,0.22843333333333335,0.09543333333333333,0.09543333333333333,1,0.569549383,1,1,629
1,1,0.236552,0.19905,0.07944999999999999,0.07944999999999999,1,0.569549383,1,1,630
1,1,0.5414515,0.23985000000000004,0.05128333333333333,0.05128333333333333,1,0.569549383,1,1,631
1,1,0.21104,0.2638,0.0648,0.0648,1,0.569549383,1,1,632
1,1,0.00735275,0.21264999999999998,0.1076,0.1076,1,0.569549383,1,1,633
1,1,0.0003576,0.10942,0.33052000000000004,0.33052000000000004,1,0.569549383,1,1,634
1,1,0.014411,0.1324,0.4925,0.4925,1,0.569549383,1,1,635
1,1,0.036706,0.1438,0.6286,0.6286,1,0.569549383,1,1,636
1,1,0.04052686666666667,0.4234866666666666,0.8340866666666666,0.8340866666666666,1,0.569549383,1,1,637
1,1,0.002329555555555555,0.7430444444444445,0.8818,0.8818,1,0.569549383,1,1,638
1,1,0.077669,0.7139,0.7721,0.7721,1,0.569549383,1,1,639
1,1,0.25650575,0.7819,0.6968500000000001,0.6968500000000001,1,0.569549383,1,1,640
1,1,0.17333675,0.732725,0.5191,0.5191,1,0.569549383,1,1,641
1,1,0.053349,0.6297,0.5771,0.5771,1,0.569549383,1,1,642
1,1,0.0046,0.47330000000000005,0.651425,0.651425,1,0.569549383,1,1,643
1,1,0.0,0.355,0.6344,0.6344,1,0.569549383,1,1,644
1,1,0.0,0.17778571428571427,0.6211000000000001,0.6211000000000001,1,0.569549383,1,1,645
1,1,0.003195,0.1169,0.5651,0.5651,1,0.569549383,1,1,646
1,1,0.0827805,0.0889,0.5379499999999999,0.5379499999999999,1,0.569549383,1,1,647
1,1,0.229027,0.0834,0.51,0.51,1,0.569549383,1,1,648
1,1,0.40061657142857143,0.2089142857142857,0.48442857142857143,0.48442857142857143,1,0.569549383,1,1,649
1,1,0.158022,0.3342,0.609,0.609,1,0.569549383,1,1,650
1,1,0.043773,0.296,0.6716,0.6716,1,0.569549383,1,1,651
1,1,0.00046699999999999997,0.4285333333333334,0.7391666666666667,0.7391666666666667,1,0.569549383,1,1,652
1,1,0.0,0.3916,0.7508,0.7508,1,0.569549383,1,1,653
1,1,0.0,0.3897,0.7082,0.7082,1,0.569549383,1,1,654
1,1,0.0,0.46515,0.6576,0.6576,1,0.569549383,1,1,655
1,1,0.0,0.4384,0.5646,0.5646,1,0.569549383,1,1,656
1,1,0.0,0.38155,0.46275,0.46275,1,0.569549383,1,1,657
1,1,0.0,0.4146,0.409,0.409,1,0.569549383,1,1,658
1,1,0.0052,0.4917,0.4184,0.4184,1,0.569549383,1,1,659
1,1,0.084633,0.5518,0.4027,0.4027,1,0.569549383,1,1,660
1,1,0.295471,0.49,0.3372,0.3372,1,0.569549383,1,1,661
1,1,0.532472,0.5313,0.2751,0.2751,1,0.569549383,1,1,662
1,1,0.7776066,0.503,0.24992,0.24992,1,0.569549383,1,1,663
1,1,0.642778,0.6724,0.3226,0.3226,1,0.569549383,1,1,664
1,1,0.462466,0.6761,0.3682,0.3682,1,0.569549383,1,1,665
1,1,0.234909,0.6931,0.4067,0.4067,1,0.569549383,1,1,666
1,1,0.069821,0.6297,0.4465,0.4465,1,0.569549383,1,1,667
1,1,0.0017995,0.5095000000000001,0.49685,0.49685,1,0.569549383,1,1,668
1,1,0.0,0.6206,0.5163,0.5163,1,0.569549383,1,1,669
1,1,0.0,0.6607,0.4435,0.4435,1,0.569549383,1,1,670
1,1,0.0,0.7037,0.3954,0.3954,1,0.569549383,1,1,671
1,1,0.0132235,0.4600375,0.142075,0.142075,1,0.473936497,1,1,672
1,1,0.259855,0.3557,0.1176,0.1176,1,0.473936497,1,1,673
1,1,0.485816,0.3137,0.1925,0.1925,1,0.473936497,1,1,674
1,1,0.657387,0.2382,0.2776,0.2776,1,0.473936497,1,1,675
1,1,0.771329,0.2042,0.3999,0.3999,1,0.473936497,1,1,676
1,1,0.834608,0.3439,0.5197,0.5197,1,0.473936497,1,1,677
1,1,0.84856,0.4075,0.6533,0.6533,1,0.473936497,1,1,678
1,1,0.792289,0.4272,0.7257,0.7257,1,0.473936497,1,1,679
1,1,0.66569,0.3607,0.7663,0.7663,1,0.473936497,1,1,680
1,1,0.463544,0.3914,0.7714,0.7714,1,0.473936497,1,1,681
1,1,0.239983,0.3879,0.7406,0.7406,1,0.473936497,1,1,682
1,1,0.005446153846153847,0.2738846153846154,0.3671692307692307,0.3671692307692307,1,0.4739364970000001,1,1,683
1,1,0.062067,0.1467,0.4492,0.4492,1,0.473936497,1,1,684
1,1,0.189972,0.1541,0.5272,0.5272,1,0.473936497,1,1,685
1,1,0.13072511538461543,0.34216153846153846,0.7901692307692308,0.7901692307692308,1,0.4739364970000003,1,1,686
1,1,0.52416,0.4192,0.5611,0.5611,1,0.473936497,1,1,687
1,1,0.6277415,0.368875,0.45790000000000003,0.45790000000000003,1,0.473936497,1,1,688
1,1,0.381046,0.3632,0.3761,0.3761,1,0.473936497,1,1,689
1,1,0.181425,0.3749,0.3892,0.3892,1,0.473936497,1,1,690
1,1,0.005295,0.6244692307692308,0.38466153846153844,0.38466153846153844,1,0.4739364970000001,1,1,691
1,1,0.107978,0.5922,0.5027,0.5027,1,0.473936497,1,1,692
1,1,0.307193,0.6025,0.4283,0.4283,1,0.473936497,1,1,693
1,1,0.551234,0.5053,0.3441,0.3441,1,0.473936497,1,1,694
1,1,0.738127,0.4005,0.3274,0.3274,1,0.473936497,1,1,695
1,1,0.8550945000000001,0.324675,0.321025,0.321025,1,0.473936497,1,1,696
1,1,0.677796,0.1977,0.2793,0.2793,1,0.473936497,1,1,697
1,1,0.477957,0.187,0.2627,0.2627,1,0.473936497,1,1,698
1,1,0.023572,0.4015071428571428,0.17675,0.17675,1,0.4739364970000001,1,1,699
1,1,0.113935,0.6342,0.1168,0.1168,1,0.473936497,1,1,700
1,1,0.324441,0.5976,0.1329,0.1329,1,0.473936497,1,1,701
1,1,0.562229,0.5947,0.1642,0.1642,1,0.473936497,1,1,702
1,1,0.8390884,0.5683400000000001,0.16946,0.16946,1,0.47393649700000007,1,1,703
1,1,0.680866,0.6433,0.1233,0.1233,1,0.473936497,1,1,704
1,1,0.469935,0.7114,0.1213,0.1213,1,0.473936497,1,1,705
1,1,0.241476,0.7488,0.1213,0.1213,1,0.473936497,1,1,706
1,1,0.017142750000000002,0.6617749999999999,0.258525,0.258525,1,0.473936497,1,1,707
1,1,0.0,0.4821,0.381,0.381,1,0.473936497,1,1,708
1,1,0.015556222222222225,0.49345555555555554,0.8199333333333334,0.8199333333333334,1,0.473936497,1,1,709
1,1,0.346192,0.6562,0.8547,0.8547,1,0.473936497,1,1,710
1,1,0.578381,0.6357,0.8172,0.8172,1,0.473936497,1,1,711
1,1,0.842611,0.71912,0.6687800000000002,0.6687800000000002,1,0.47393649700000007,1,1,712
1,1,0.661072,0.7785,0.5623,0.5623,1,0.473936497,1,1,713
1,1,0.450655,0.773,0.5171,0.5171,1,0.473936497,1,1,714
1,1,0.225604,0.7547,0.5171,0.5171,1,0.473936497,1,1,715
1,1,0.017997,0.727975,0.442925,0.442925,1,0.473936497,1,1,716
1,1,0.0,0.7385124999999999,0.5737874999999999,0.5737874999999999,1,0.473936497,1,1,717
1,1,0.012997,0.8442,0.7035,0.7035,1,0.473936497,1,1,718
1,1,0.102829,0.8459,0.7278,0.7278,1,0.473936497,1,1,719
1,1,0.293875,0.8371,0.6591,0.6591,1,0.473936497,1,1,720
1,1,0.514273,0.8236,0.5877,0.5877,1,0.473936497,1,1,721
1,1,0.675271,0.8288,0.5351,0.5351,1,0.473936497,1,1,722
1,1,0.6981465,0.8519,0.3433,0.3433,1,0.473936497,1,1,723
1,1,0.465021,0.8205,0.2971,0.2971,1,0.473936497,1,1,724
1,1,0.11568350000000001,0.748625,0.4179,0.4179,1,0.473936497,1,1,725
1,1,0.0,0.5348,0.32816666666666666,0.32816666666666666,1,0.473936497,1,1,726
1,1,0.0,0.4008,0.2303,0.2303,1,0.473936497,1,1,727
1,1,0.015440125,0.25056249999999997,0.16991250000000002,0.16991250000000002,1,0.473936497,1,1,728
1,1,0.30284,0.1118,0.2887,0.2887,1,0.473936497,1,1,729
1,1,0.7142793333333333,0.30495,0.2281,0.2281,1,0.473936497,1,1,730
1,1,0.651745,0.4767,0.2533,0.2533,1,0.473936497,1,1,731
1,1,0.474257,0.5837,0.328,0.328,1,0.473936497,1,1,732
1,1,0.256189,0.6757,0.3514,0.3514,1,0.473936497,1,1,733
1,1,0.015658214285714286,0.6673928571428572,0.23460714285714288,0.23460714285714288,1,0.4739364970000001,1,1,734
1,1,0.331595,0.5731,0.3925,0.3925,1,0.473936497,1,1,735
1,1,0.563569,0.5182,0.4405,0.4405,1,0.473936497,1,1,736
1,1,0.747288,0.5867,0.5042,0.5042,1,0.473936497,1,1,737
1,1,0.83016925,0.6337250000000001,0.64805,0.64805,1,0.473936497,1,1,738
1,1,0.634203,0.6509,0.7165,0.7165,1,0.473936497,1,1,739
1,1,0.07212447058823529,0.49992352941176466,0.7715529411764707,0.7715529411764707,1,0.4739364970000002,1,1,740
1,1,0.58836,0.2661,0.7798,0.7798,1,0.473936497,1,1,741
1,1,0.771505,0.2232,0.7483,0.7483,1,0.473936497,1,1,742
1,1,0.87720025,0.2286,0.6853750000000001,0.6853750000000001,1,0.473936497,1,1,743
1,1,0.703388,0.175,0.6075,0.6075,1,0.473936497,1,1,744
1,1,0.495593,0.2019,0.5851,0.5851,1,0.473936497,1,1,745
1,1,0.261996,0.2028,0.5868,0.5868,1,0.473936497,1,1,746
1,1,0.008339615384615385,0.08888461538461538,0.49160769230769225,0.49160769230769225,1,0.4739364970000001,1,1,747
1,1,0.134809,0.0636,0.3991,0.3991,1,0.473936497,1,1,748
1,1,0.340034,0.026,0.3532,0.3532,1,0.473936497,1,1,749
1,1,0.576179,0.0234,0.3557,0.3557,1,0.473936497,1,1,750
1,1,0.754858,0.0508,0.3369,0.3369,1,0.473936497,1,1,751
1,1,0.8688597499999999,0.05595,0.423675,0.423675,1,0.473936497,1,1,752
1,1,0.678972,0.0677,0.5005,0.5005,1,0.473936497,1,1,753
1,1,0.488148,0.0746,0.497,0.497,1,0.473936497,1,1,754
1,1,0.261193,0.0755,0.4652,0.4652,1,0.473936497,1,1,755
1,1,0.0824,0.1061,0.4211,0.4211,1,0.473936497,1,1,756
1,1,0.00215025,0.3380083333333333,0.201825,0.201825,1,0.4739364970000001,1,1,757
1,1,0.13482,0.5701,0.165,0.165,1,0.473936497,1,1,758
1,1,0.33641,0.3335,0.1607,0.1607,1,0.473936497,1,1,759
1,1,0.570706,0.2922,0.1433,0.1433,1,0.473936497,1,1,760
1,1,0.752717,0.2423,0.1243,0.1243,1,0.473936497,1,1,761
1,1,0.8827456666666667,0.3044,0.14823333333333333,0.14823333333333333,1,0.473936497,1,1,762
1,1,0.804638,0.4919,0.2172,0.2172,1,0.473936497,1,1,763
1,1,0.650907,0.6127,0.3034,0.3034,1,0.473936497,1,1,764
1,1,0.467625,0.5995,0.3601,0.3601,1,0.473936497,1,1,765
1,1,0.260185,0.5855,0.4604,0.4604,1,0.473936497,1,1,766
1,1,0.045306,0.5743,0.6244000000000001,0.6244000000000001,1,0.473936497,1,1,767
1,1,0.0,0.74308,0.7915599999999999,0.7915599999999999,1,0.47393649700000007,1,1,768
1,1,0.017991,0.6856,0.6778,0.6778,1,0.473936497,1,1,769
1,1,0.129596,0.6553,0.6823,0.6823,1,0.473936497,1,1,770
1,1,0.315046,0.5905,0.5964,0.5964,1,0.473936497,1,1,771
1,1,0.562251,0.5888,0.5587,0.5587,1,0.473936497,1,1,772
1,1,0.748824,0.6032,0.4629,0.4629,1,0.473936497,1,1,773
1,1,0.887447,0.7463333333333333,0.33966666666666673,0.33966666666666673,1,0.473936497,1,1,774
1,1,0.80312,0.8044,0.2031,0.2031,1,0.473936497,1,1,775
1,1,0.675569,0.8134,0.1842,0.1842,1,0.473936497,1,1,776
1,1,0.477526,0.8099,0.1459,0.1459,1,0.473936497,1,1,777
1,1,0.255212,0.798,0.1597,0.1597,1,0.473936497,1,1,778
1,1,0.083799,0.7966,0.1733,0.1733,1,0.473936497,1,1,779
1,1,0.23461642105263159,0.3385736842105263,0.2109421052631579,0.2109421052631579,1,0.47393649700000023,1,1,780
1,1,0.805673,0.3465,0.3056,0.3056,1,0.473936497,1,1,781
1,1,0.66838,0.4421,0.5729,0.5729,1,0.473936497,1,1,782
1,1,0.472817,0.544,0.7405,0.7405,1,0.473936497,1,1,783
1,1,0.258777,0.483,0.8453,0.8453,1,0.473936497,1,1,784
1,1,0.0075344999999999995,0.6505666666666666,0.8806750000000001,0.8806750000000001,1,0.4739364970000001,1,1,785
1,1,0.020407,0.8176,0.9001,0.9001,1,0.473936497,1,1,786
1,1,0.132201,0.7594,0.8929,0.8929,1,0.473936497,1,1,787
1,1,0.317614,0.6899,0.8337,0.8337,1,0.473936497,1,1,788
1,1,0.525277,0.6026,0.7654,0.7654,1,0.473936497,1,1,789
1,1,0.68763,0.5425,0.6747,0.6747,1,0.473936497,1,1,790
1,1,0.7631933333333333,0.5423333333333334,0.5902999999999999,0.5902999999999999,1,0.473936497,1,1,791
1,1,0.63446,0.4594,0.6052,0.6052,1,0.473936497,1,1,792
1,1,0.057573647058823535,0.46932352941176475,0.8147117647058825,0.8147117647058825,1,0.4739364970000002,1,1,793
1,1,0.264127,0.6248,0.8566,0.8566,1,0.473936497,1,1,794
1,1,0.457653,0.6251,0.8121,0.8121,1,0.473936497,1,1,795
1,1,0.674285,0.6314,0.777,0.777,1,0.473936497,1,1,796
1,1,0.794731,0.6946,0.6545,0.6545,1,0.473936497,1,1,797
1,1,0.915352,0.7587,0.4851,0.4851,1,0.473936497,1,1,798
1,1,0.8769605,0.7626,0.33445,0.33445,1,0.473936497,1,1,799
1,1,0.709257,0.7596,0.1777,0.1777,1,0.473936497,1,1,800
1,1,0.512856,0.8136,0.1247,0.1247,1,0.473936497,1,1,801
1,1,0.282437,0.8139,0.0906,0.0906,1,0.473936497,1,1,802
1,1,0.09379,0.8146,0.0977,0.0977,1,0.473936497,1,1,803
1,1,0.008199,0.7527,0.1148,0.1148,1,0.473936497,1,1,804
1,1,0.01583941666666667,0.5775416666666667,0.13198333333333334,0.13198333333333334,1,0.4739364970000001,1,1,805
1,1,0.4441615,0.37405,0.055,0.055,1,0.473936497,1,1,806
1,1,0.7404932,0.33984000000000003,0.09328,0.09328,1,0.47393649700000007,1,1,807
1,1,0.617747,0.3927,0.2077,0.2077,1,0.473936497,1,1,808
1,1,0.423069,0.3866,0.2792,0.2792,1,0.473936497,1,1,809
1,1,0.204982,0.3927,0.3608,0.3608,1,0.473936497,1,1,810
1,1,0.07138,0.3538,0.4796,0.4796,1,0.473936497,1,1,811
1,1,0.0012666666666666666,0.2896666666666667,0.6416,0.6416,1,0.473936497,1,1,812
1,1,0.0,0.2663,0.7334,0.7334,1,0.473936497,1,1,813
1,1,0.04136836111111112,0.4182222222222223,0.8697416666666666,0.8697416666666666,1,0.4739364970000003,1,1,814
1,1,0.318681,0.6649,0.8771,0.8771,1,0.473936497,1,1,815
1,1,0.428572,0.6078,0.8447,0.8447,1,0.473936497,1,1,816
1,1,0.531794,0.6899,0.7461,0.7461,1,0.473936497,1,1,817
1,1,0.528328,0.7798499999999999,0.6044,0.6044,1,0.473936497,1,1,818
1,1,0.365344,0.7676,0.5665,0.5665,1,0.473936497,1,1,819
1,1,0.22837,0.7159,0.5009,0.5009,1,0.473936497,1,1,820
1,1,0.077403,0.7198,0.4673,0.4673,1,0.473936497,1,1,821
1,1,0.0005822727272727273,0.5947636363636363,0.4079818181818181,0.4079818181818181,1,0.47393649700000007,1,1,822
1,1,0.019818,0.5735,0.5638,0.5638,1,0.473936497,1,1,823
1,1,0.3117608333333333,0.5207,0.6853333333333333,0.6853333333333333,1,0.473936497,1,1,824
1,1,0.489948,0.3733,0.7938,0.7938,1,0.473936497,1,1,825
1,1,0.425049,0.363,0.8626,0.8626,1,0.473936497,1,1,826
1,1,0.05686714285714286,0.3159142857142857,0.7862285714285715,0.7862285714285715,1,0.4739364970000001,1,1,827
1,1,0.0,0.2442,0.3761,0.3761,1,0.473936497,1,1,828
1,1,0.08813700000000001,0.16654999999999998,0.3195,0.3195,1,0.473936497,1,1,829
1,1,0.323643,0.0668,0.4421,0.4421,1,0.473936497,1,1,830
1,1,0.552342,0.0513,0.4974,0.4974,1,0.473936497,1,1,831
1,1,0.738554,0.0517,0.4268,0.4268,1,0.473936497,1,1,832
1,1,0.84743,0.0654,0.4147,0.4147,1,0.473936497,1,1,833
1,1,0.794539,0.0985,0.5085,0.5085,1,0.473936497,1,1,834
1,1,0.759865,0.1014,0.6511,0.6511,1,0.473936497,1,1,835
1,1,0.705949,0.1191,0.7581,0.7581,1,0.473936497,1,1,836
1,1,0.572475,0.1326,0.7837,0.7837,1,0.473936497,1,1,837
1,1,0.444769,0.1422,0.8079,0.8079,1,0.473936497,1,1,838
1,1,0.263816,0.1566,0.8326,0.8326,1,0.473936497,1,1,839
1,1,0.02546122222222222,0.4953944444444445,0.7980805555555555,0.7980805555555555,1,0.4739364970000003,1,1,840
1,1,0.02389,0.5381,0.5885,0.5885,1,0.473936497,1,1,841
1,1,0.30963975,0.590625,0.6697249999999999,0.6697249999999999,1,0.473936497,1,1,842
1,1,0.554273,0.61455,0.6028,0.6028,1,0.473936497,1,1,843
1,1,0.09912423529411764,0.46482352941176475,0.7151882352941177,0.7151882352941177,1,0.4739364970000002,1,1,844
1,1,0.09007849999999999,0.39725,0.4821,0.4821,1,0.473936497,1,1,845
1,1,0.338193,0.3798,0.4622,0.4622,1,0.473936497,1,1,846
1,1,0.7205405714285714,0.4521857142857143,0.40275714285714287,0.40275714285714287,1,0.473936497,1,1,847
1,1,0.464846,0.3764,0.5136,0.5136,1,0.473936497,1,1,848
1,1,0.258625,0.3469,0.5672,0.5672,1,0.473936497,1,1,849
1,1,0.02590125,0.309975,0.608,0.608,1,0.473936497,1,1,850
1,1,0.0,0.4198,0.4717,0.4717,1,0.473936497,1,1,851
1,1,0.001700375,0.2721625,0.49607500000000004,0.49607500000000004,1,0.473936497,1,1,852
1,1,0.059724,0.2091,0.5087,0.5087,1,0.473936497,1,1,853
1,1,0.041688583333333334,0.3461291666666666,0.8370166666666669,0.8370166666666669,1,0.47393649700000023,1,1,854
1,1,0.073965,0.1934,0.6119,0.6119,1,0.473936497,1,1,855
1,1,0.101407,0.2044,0.4964,0.4964,1,0.473936497,1,1,856
1,1,0.16479200000000002,0.1777,0.3077666666666667,0.3077666666666667,1,0.473936497,1,1,857
1,1,0.33069325,0.272275,0.28235,0.28235,1,0.473936497,1,1,858
1,1,0.195142,0.459,0.3024,0.3024,1,0.473936497,1,1,859
1,1,0.011929076923076922,0.6784615384615384,0.3309923076923077,0.3309923076923077,1,0.4739364970000001,1,1,860
1,1,0.235381,0.5167,0.1062,0.1062,1,0.473936497,1,1,861
1,1,0.447945,0.3853,0.0657,0.0657,1,0.473936497,1,1,862
1,1,0.7261839999999999,0.3223333333333333,0.058733333333333325,0.058733333333333325,1,0.473936497,1,1,863
1,1,0.709288,0.4773,0.1071,0.1071,1,0.473936497,1,1,864
1,1,0.630237,0.4909,0.1785,0.1785,1,0.473936497,1,1,865
1,1,0.495808,0.4486,0.3146,0.3146,1,0.473936497,1,1,866
1,1,0.376958,0.4195,0.4286,0.4286,1,0.473936497,1,1,867
1,1,0.208682,0.3729,0.5601,0.5601,1,0.473936497,1,1,868
1,1,0.20555047826086958,0.30337391304347827,0.37210000000000004,0.37210000000000004,1,0.47393649700000023,1,1,869
1,1,0.271295,0.3383,0.2252,0.2252,1,0.473936497,1,1,870
1,1,0.172487,0.3766,0.3084,0.3084,1,0.473936497,1,1,871
1,1,0.0386845,0.29735,0.4484,0.4484,1,0.473936497,1,1,872
1,1,0.0,0.3782,0.54,0.54,1,0.473936497,1,1,873
1,1,0.0,0.2306,0.4894,0.4894,1,0.473936497,1,1,874
1,1,0.0,0.2728,0.4202,0.4202,1,0.473936497,1,1,875
1,1,0.0,0.3348,0.3737,0.3737,1,0.473936497,1,1,876
1,1,0.20949347619047615,0.22589047619047622,0.12400952380952382,0.12400952380952382,1,0.47393649700000023,1,1,877
1,1,0.0,0.2928,0.2232,0.2232,1,0.473936497,1,1,878
1,1,0.23157555000000002,0.15090249999999994,0.12471000000000002,0.12471000000000002,1,0.4705343108000002,1,1,879
1,1,0.323315,0.1733,0.4834,0.4834,1,0.464215965,1,1,880
1,1,0.1909925,0.2248,0.52885,0.52885,1,0.464215965,1,1,881
1,1,0.0217545,0.3498166666666667,0.64225,0.64225,1,0.464215965,1,1,882
1,1,0.0,0.3739,0.6948,0.6948,1,0.464215965,1,1,883
1,1,0.04662525806451612,0.46014193548387106,0.8788387096774195,0.8788387096774195,1,0.46421596499999973,1,1,884
1,1,0.121821,0.8236,0.9148,0.9148,1,0.464215965,1,1,885
1,1,0.09951704166666668,0.5182625,0.9104541666666667,0.9104541666666667,1,0.4642159649999999,1,1,886
1,1,0.254261,0.0943,0.8648,0.8648,1,0.464215965,1,1,887
1,1,0.5117253333333334,0.0605,0.8093333333333335,0.8093333333333335,1,0.464215965,1,1,888
1,1,0.391391,0.0391,0.6975,0.6975,1,0.464215965,1,1,889
1,1,0.237088,0.0471,0.664,0.664,1,0.464215965,1,1,890
1,1,0.100982,0.0919,0.6634,0.6634,1,0.464215965,1,1,891
1,1,0.005137,0.13493333333333332,0.6505666666666666,0.6505666666666666,1,0.464215965,1,1,892
1,1,0.0,0.1102,0.6061,0.6061,1,0.464215965,1,1,893
1,1,0.09815918181818181,0.09567272727272727,0.29309999999999997,0.29309999999999997,1,0.4642159650000001,1,1,894
1,1,0.647981,0.0174,0.167,0.167,1,0.464215965,1,1,895
1,1,0.48481120000000005,0.12952,0.11651999999999998,0.11651999999999998,1,0.46421596500000006,1,1,896
1,1,0.0,0.5424,0.0554,0.0554,1,0.464215965,1,1,897
1,1,0.3195156315789474,0.32689999999999997,0.11138421052631578,0.11138421052631578,1,0.464215965,1,1,898
1,1,0.253749,0.282,0.5227,0.5227,1,0.464215965,1,1,899
1,1,0.0287025,0.30565,0.6427499999999999,0.6427499999999999,1,0.464215965,1,1,900
1,1,0.0,0.3366,0.5541,0.5541,1,0.464215965,1,1,901
1,1,0.00028571428571428574,0.7222857142857144,0.5551285714285713,0.5551285714285713,1,0.46421596500000006,1,1,902
1,1,0.04439,0.8303,0.5342,0.5342,1,0.464215965,1,1,903
1,1,0.146899,0.8343,0.5567,0.5567,1,0.464215965,1,1,904
1,1,0.32838,0.8546,0.6776,0.6776,1,0.464215965,1,1,905
1,1,0.557665,0.8553,0.7872,0.7872,1,0.464215965,1,1,906
1,1,0.738529,0.8646,0.8534,0.8534,1,0.464215965,1,1,907
1,1,0.86197075,0.86005,0.7812,0.7812,1,0.464215965,1,1,908
1,1,0.696441,0.8602,0.6417,0.6417,1,0.464215965,1,1,909
1,1,0.505415,0.8605,0.569,0.569,1,0.464215965,1,1,910
1,1,0.279348,0.8558,0.5483,0.5483,1,0.464215965,1,1,911
1,1,0.104598,0.8484,0.5115,0.5115,1,0.464215965,1,1,912
1,1,0.007267333333333333,0.7977666666666666,0.3869666666666667,0.3869666666666667,1,0.464215965,1,1,913
1,1,0.0004,0.6899875000000001,0.5508500000000001,0.5508500000000001,1,0.46421596500000006,1,1,914
1,1,0.054807,0.6472,0.5651,0.5651,1,0.464215965,1,1,915
1,1,0.191174,0.6514,0.4567,0.4567,1,0.464215965,1,1,916
1,1,0.395312,0.7344,0.3721,0.3721,1,0.464215965,1,1,917
1,1,0.608297,0.7556,0.2791,0.2791,1,0.464215965,1,1,918
1,1,0.778047,0.7946,0.2065,0.2065,1,0.464215965,1,1,919
1,1,0.87621775,0.823975,0.12265,0.12265,1,0.464215965,1,1,920
1,1,0.696084,0.8399,0.1473,0.1473,1,0.464215965,1,1,921
1,1,0.504508,0.8409,0.276,0.276,1,0.464215965,1,1,922
1,1,0.270765,0.8328,0.426,0.426,1,0.464215965,1,1,923
1,1,0.107789,0.8132,0.4715,0.4715,1,0.464215965,1,1,924
1,1,0.0099,0.72505,0.6156999999999999,0.6156999999999999,1,0.464215965,1,1,925
1,1,0.0043782000000000005,0.44045000000000006,0.50526,0.50526,1,0.46421596500000006,1,1,926
1,1,0.138674,0.0932,0.2478,0.2478,1,0.464215965,1,1,927
1,1,0.2999582,0.07165999999999999,0.23154,0.23154,1,0.464215965,1,1,928
1,1,0.334573,0.1323,0.4426,0.4426,1,0.464215965,1,1,929
1,1,0.08857866666666665,0.21087222222222224,0.7064888888888889,0.7064888888888889,1,0.46421596500000006,1,1,930
1,1,0.165963,0.3171,0.675,0.675,1,0.464215965,1,1,931
1,1,0.1823045,0.2272916666666667,0.7044916666666667,0.7044916666666667,1,0.4642159650000001,1,1,932
1,1,0.0,0.2322,0.5003,0.5003,1,0.464215965,1,1,933
1,1,0.0,0.2145,0.5148,0.5148,1,0.464215965,1,1,934
1,1,0.19379525714285714,0.12075904761904764,0.08802380952380952,0.08802380952380952,1,0.46421596500000056,1,1,935
1,1,0.263655,0.3184,0.0626,0.0626,1,0.464215965,1,1,936
1,1,0.4684087142857143,0.3997857142857143,0.0997,0.0997,1,0.46421596500000006,1,1,937
1,1,0.290597,0.3631,0.1168,0.1168,1,0.464215965,1,1,938
1,1,0.027158571428571428,0.27795000000000003,0.2634285714285714,0.2634285714285714,1,0.4642159650000001,1,1,939
1,1,0.123889,0.099,0.6994,0.6994,1,0.464215965,1,1,940
1,1,0.3059265,0.12255,0.7290000000000001,0.7290000000000001,1,0.464215965,1,1,941
1,1,0.3852544285714286,0.2881285714285714,0.7922,0.7922,1,0.46421596500000006,1,1,942
1,1,0.017355,0.5844428571428572,0.8916928571428573,0.8916928571428573,1,0.4642159650000001,1,1,943
1,1,0.112916,0.7693,0.8228,0.8228,1,0.464215965,1,1,944
1,1,0.2066095,0.7621,0.68405,0.68405,1,0.464215965,1,1,945
1,1,0.10977990476190473,0.694447619047619,0.2976857142857143,0.2976857142857143,1,0.46421596499999995,1,1,946
1,1,0.14904506666666664,0.7267866666666667,0.36152666666666666,0.36152666666666666,1,0.4642159650000001,1,1,947
1,1,0.04776162499999999,0.4516357142857143,0.7988410714285716,0.7988410714285716,1,0.46421596500000023,1,1,948
1,1,0.024225,0.5837,0.6349,0.6349,1,0.464215965,1,1,949
1,1,0.1171831818181818,0.5674818181818181,0.5815454545454545,0.5815454545454545,1,0.4642159650000001,1,1,950
1,1,0.023613,0.6603,0.4926,0.4926,1,0.464215965,1,1,951
1,1,0.0005215999999999999,0.40811000000000003,0.50069,0.50069,1,0.46421596500000006,1,1,952
1,1,0.0052,0.4321,0.6346,0.6346,1,0.464215965,1,1,953
1,1,0.088438,0.39935,0.6555500000000001,0.6555500000000001,1,0.464215965,1,1,954
1,1,0.220912,0.2692,0.6163,0.6163,1,0.464215965,1,1,955
1,1,0.345771,0.2549,0.5107,0.5107,1,0.464215965,1,1,956
1,1,0.17004542857142851,0.14871428571428572,0.21528095238095235,0.21528095238095235,1,0.46421596499999995,1,1,957
1,1,0.169199,0.1801,0.0727,0.0727,1,0.464215965,1,1,958
1,1,0.355713,0.1796,0.0629,0.0629,1,0.464215965,1,1,959
1,1,0.546876,0.1526,0.0599,0.0599,1,0.464215965,1,1,960
1,1,0.7399404999999999,0.15675,0.044675000000000006,0.044675000000000006,1,0.464215965,1,1,961
1,1,0.512531,0.16510000000000002,0.0596,0.0596,1,0.464215965,1,1,962
1,1,0.342674,0.2016,0.1044,0.1044,1,0.464215965,1,1,963
1,1,0.02786442857142857,0.08562142857142858,0.19554285714285718,0.19554285714285718,1,0.4642159650000001,1,1,964
1,1,0.145134,0.0207,0.0536,0.0536,1,0.464215965,1,1,965
1,1,0.18584417391304345,0.0631217391304348,0.04332608695652174,0.04332608695652174,1,0.4642159649999999,1,1,966
1,1,0.173063,0.0466,0.0478,0.0478,1,0.464215965,1,1,967
1,1,0.1913162340425532,0.07099574468085106,0.0933063829787234,0.0933063829787234,1,0.46421596500000006,1,1,968
1,1,0.140168,0.0788,0.2289,0.2289,1,0.464215965,1,1,969
1,1,0.259001,0.0401,0.1922,0.1922,1,0.464215965,1,1,970
1,1,0.378288,0.0176,0.1814,0.1814,1,0.464215965,1,1,971
1,1,0.2107648636363636,0.21703636363636367,0.11702272727272728,0.11702272727272728,1,0.46421596499999995,1,1,972
1,1,0.245273,0.2742,0.0865,0.0865,1,0.464215965,1,1,973
1,1,0.424855,0.2058,0.0724,0.0724,1,0.464215965,1,1,974
1,1,0.7250253333333333,0.0881,0.13036666666666666,0.13036666666666666,1,0.464215965,1,1,975
1,1,0.486458,0.126,0.2573,0.2573,1,0.464215965,1,1,976
1,1,0.285362,0.1482,0.2832,0.2832,1,0.464215965,1,1,977
1,1,0.127995,0.1662,0.3079,0.3079,1,0.464215965,1,1,978
1,1,0.011397999999999998,0.3302333333333333,0.3424666666666667,0.3424666666666667,1,0.464215965,1,1,979
1,1,0.0,0.4164,0.3638,0.3638,1,0.464215965,1,1,980
1,1,0.0010001428571428572,0.4868428571428572,0.3357857142857143,0.3357857142857143,1,0.46421596500000006,1,1,981
1,1,0.054996,0.4674,0.253,0.253,1,0.464215965,1,1,982
1,1,0.164405,0.4468,0.2249,0.2249,1,0.464215965,1,1,983
1,1,0.333044,0.4015,0.2167,0.2167,1,0.464215965,1,1,984
1,1,0.51657,0.2727,0.23,0.23,1,0.464215965,1,1,985
1,1,0.71338025,0.1694,0.26465,0.26465,1,0.464215965,1,1,986
1,1,0.611558,0.1712,0.3388,0.3388,1,0.464215965,1,1,987
1,1,0.485334,0.1578,0.3403,0.3403,1,0.464215965,1,1,988
1,1,0.322003,0.1674,0.364,0.364,1,0.464215965,1,1,989
1,1,0.172642,0.2073,0.3948,0.3948,1,0.464215965,1,1,990
1,1,0.04259399999999999,0.3195,0.44084999999999996,0.44084999999999996,1,0.464215965,1,1,991
1,1,0.0003,0.58295,0.51625,0.51625,1,0.464215965,1,1,992
1,1,0.0,0.6896,0.5024,0.5024,1,0.464215965,1,1,993
1,1,0.0010285714285714286,0.6803285714285714,0.32725714285714286,0.32725714285714286,1,0.46421596500000006,1,1,994
1,1,0.068521,0.4,0.2249,0.2249,1,0.464215965,1,1,995
1,1,0.190422,0.3186,0.153,0.153,1,0.464215965,1,1,996
1,1,0.344165,0.2158,0.1402,0.1402,1,0.464215965,1,1,997
1,1,0.507857,0.1873,0.1222,0.1222,1,0.464215965,1,1,998
1,1,0.627521,0.1898,0.0865,0.0865,1,0.464215965,1,1,999
1,1,0.74714325,0.2414,0.0514,0.0514,1,0.464215965,1,1,1000
1,1,0.602989,0.2469,0.0952,0.0952,1,0.464215965,1,1,1001
1,1,0.455236,0.3023,0.1205,0.1205,1,0.464215965,1,1,1002
1,1,0.276452,0.2757,0.1725,0.1725,1,0.464215965,1,1,1003
1,1,0.128938,0.2086,0.2494,0.2494,1,0.464215965,1,1,1004
1,1,0.031197,0.2129,0.3253,0.3253,1,0.464215965,1,1,1005
1,1,0.0006,0.33685,0.46094999999999997,0.46094999999999997,1,0.464215965,1,1,1006
1,1,0.008840666666666667,0.35296666666666665,0.44717777777777784,0.44717777777777784,1,0.46421596500000006,1,1,1007
1,1,0.219794,0.2414,0.2162,0.2162,1,0.464215965,1,1,1008
1,1,0.429027,0.1987,0.1442,0.1442,1,0.464215965,1,1,1009
1,1,0.612458,0.1646,0.1039,0.1039,1,0.464215965,1,1,1010
1,1,0.7093303333333333,0.09113333333333334,0.09065,0.09065,1,0.464215965,1,1,1011
1,1,0.400911,0.0758,0.2083,0.2083,1,0.464215965,1,1,1012
1,1,0.242297,0.0754,0.2448,0.2448,1,0.464215965,1,1,1013
1,1,0.04393833333333333,0.06406666666666666,0.3292333333333333,0.3292333333333333,1,0.464215965,1,1,1014
1,1,0.0,0.2096,0.3246,0.3246,1,0.464215965,1,1,1015
1,1,0.0,0.2665,0.2991,0.2991,1,0.464215965,1,1,1016
1,1,0.0,0.3627,0.2925,0.2925,1,0.464215965,1,1,1017
1,1,0.015714,0.3615,0.19082500000000002,0.19082500000000002,1,0.423018017,1,1,1018
1,1,0.180593,0.4316,0.1422,0.1422,1,0.423018017,1,1,1019
1,1,0.311289,0.4423,0.1573,0.1573,1,0.423018017,1,1,1020
1,1,0.459952,0.5003,0.1838,0.1838,1,0.423018017,1,1,1021
1,1,0.618933,0.6316499999999999,0.3126,0.3126,1,0.423018017,1,1,1022
1,1,0.490592,0.6693,0.4397,0.4397,1,0.423018017,1,1,1023
1,1,0.322656,0.6585,0.525,0.525,1,0.423018017,1,1,1024
1,1,0.170862,0.673,0.6275,0.6275,1,0.423018017,1,1,1025
1,1,0.06589,0.6459,0.7381,0.7381,1,0.423018017,1,1,1026
1,1,0.007063,0.5005666666666667,0.8846666666666666,0.8846666666666666,1,0.42301801700000013,1,1,1027
1,1,0.164052,0.4069,0.9005,0.9005,1,0.423018017,1,1,1028
1,1,0.325505,0.3008,0.8934,0.8934,1,0.423018017,1,1,1029
1,1,0.508025,0.3263,0.8788,0.8788,1,0.423018017,1,1,1030
1,1,0.7055393333333333,0.5438333333333333,0.8784666666666666,0.8784666666666666,1,0.423018017,1,1,1031
1,1,0.47277,0.6167,0.8782,0.8782,1,0.423018017,1,1,1032
1,1,0.288788,0.6183,0.901,0.901,1,0.423018017,1,1,1033
1,1,0.127006,0.6769,0.9007,0.9007,1,0.423018017,1,1,1034
1,1,0.011667000000000002,0.7402000000000001,0.8952666666666667,0.8952666666666667,1,0.423018017,1,1,1035
1,1,0.0,0.6359666666666667,0.8502666666666666,0.8502666666666666,1,0.423018017,1,1,1036
1,1,0.0,0.6083,0.7446,0.7446,1,0.423018017,1,1,1037
1,1,0.00214975,0.6229499999999999,0.4816000000000001,0.4816000000000001,1,0.423018017,1,1,1038
1,1,0.19573766666666667,0.38220000000000004,0.3035333333333333,0.3035333333333333,1,0.423018017,1,1,1039
1,1,0.548229,0.2994,0.1284,0.1284,1,0.423018017,1,1,1040
1,1,0.710287,0.2693,0.0862,0.0862,1,0.423018017,1,1,1041
1,1,0.8088656666666667,0.26230000000000003,0.06010000000000001,0.06010000000000001,1,0.423018017,1,1,1042
1,1,0.71262,0.2177,0.0756,0.0756,1,0.423018017,1,1,1043
1,1,0.59327,0.2199,0.1161,0.1161,1,0.423018017,1,1,1044
1,1,0.423017,0.2258,0.1761,0.1761,1,0.423018017,1,1,1045
1,1,0.245819,0.2908,0.2387,0.2387,1,0.423018017,1,1,1046
1,1,0.117813,0.3334,0.3183,0.3183,1,0.423018017,1,1,1047
1,1,0.012603000000000001,0.23646666666666669,0.33126666666666665,0.33126666666666665,1,0.423018017,1,1,1048
1,1,0.001125,0.1786625,0.26368749999999996,0.26368749999999996,1,0.423018017,1,1,1049
1,1,0.065215,0.0411,0.2595,0.2595,1,0.423018017,1,1,1050
1,1,0.207594,0.0133,0.2394,0.2394,1,0.423018017,1,1,1051
1,1,0.336351,0.012,0.2418,0.2418,1,0.423018017,1,1,1052
1,1,0.458035,0.0103,0.2442,0.2442,1,0.423018017,1,1,1053
1,1,0.6106621666666667,0.04745,0.22058333333333333,0.22058333333333333,1,0.423018017,1,1,1054
1,1,0.457488,0.1087,0.1806,0.1806,1,0.423018017,1,1,1055
1,1,0.271971,0.1448,0.1816,0.1816,1,0.423018017,1,1,1056
1,1,0.128563,0.1709,0.1905,0.1905,1,0.423018017,1,1,1057
1,1,0.011061666666666666,0.3152333333333333,0.2517333333333333,0.2517333333333333,1,0.423018017,1,1,1058
1,1,0.0,0.402,0.40149999999999997,0.40149999999999997,1,0.423018017,1,1,1059
1,1,0.0,0.3841,0.4846,0.4846,1,0.423018017,1,1,1060
1,1,0.0010006,0.42094000000000004,0.6313000000000001,0.6313000000000001,1,0.4230180170000001,1,1,1061
1,1,0.041396,0.33,0.6746,0.6746,1,0.423018017,1,1,1062
1,1,0.113527,0.2368,0.6802,0.6802,1,0.423018017,1,1,1063
1,1,0.198301,0.1627,0.7315,0.7315,1,0.423018017,1,1,1064
1,1,0.327986,0.1001,0.7773,0.7773,1,0.423018017,1,1,1065
1,1,0.5515855999999999,0.14333999999999997,0.8464600000000001,0.8464600000000001,1,0.4230180170000001,1,1,1066
1,1,0.499727,0.2981,0.8803,0.8803,1,0.423018017,1,1,1067
1,1,0.362348,0.3615,0.8888,0.8888,1,0.423018017,1,1,1068
1,1,0.226885,0.4179,0.8909,0.8909,1,0.423018017,1,1,1069
1,1,0.016722153846153845,0.4125384615384615,0.8399769230769232,0.8399769230769232,1,0.42301801700000013,1,1,1070
1,1,0.134805,0.067,0.7098,0.7098,1,0.423018017,1,1,1071
1,1,0.249408,0.0499,0.6943,0.6943,1,0.423018017,1,1,1072
1,1,0.43255,0.0232,0.7059,0.7059,1,0.423018017,1,1,1073
1,1,0.6561315999999999,0.01928,0.6382000000000001,0.6382000000000001,1,0.4230180170000001,1,1,1074
1,1,0.48127,0.0214,0.5553,0.5553,1,0.423018017,1,1,1075
1,1,0.26527100000000003,0.035,0.59965,0.59965,1,0.423018017,1,1,1076
1,1,0.096001,0.0694,0.5789,0.5789,1,0.423018017,1,1,1077
1,1,0.012000333333333335,0.23393333333333333,0.5564,0.5564,1,0.423018017,1,1,1078
1,1,0.0,0.2915,0.532,0.532,1,0.423018017,1,1,1079
1,1,0.019482444444444445,0.2887111111111111,0.6299111111111111,0.6299111111111111,1,0.423018017,1,1,1080
1,1,0.242904,0.1214,0.7168,0.7168,1,0.423018017,1,1,1081
1,1,0.376897,0.1029,0.7281,0.7281,1,0.423018017,1,1,1082
1,1,0.513725,0.14986666666666668,0.7062333333333334,0.7062333333333334,1,0.423018017,1,1,1083
1,1,0.41658666666666666,0.3195333333333334,0.6891999999999999,0.6891999999999999,1,0.423018017,1,1,1084
1,1,0.243264,0.2988,0.7261,0.7261,1,0.423018017,1,1,1085
1,1,0.018167384615384616,0.4509230769230769,0.7973615384615385,0.7973615384615385,1,0.42301801700000013,1,1,1086
1,1,0.056538,0.2785,0.6928,0.6928,1,0.423018017,1,1,1087
1,1,0.146324,0.2404,0.6653,0.6653,1,0.423018017,1,1,1088
1,1,0.278102,0.2014,0.6822,0.6822,1,0.423018017,1,1,1089
1,1,0.39227,0.1811,0.6755,0.6755,1,0.423018017,1,1,1090
1,1,0.49002,0.1929,0.6614,0.6614,1,0.423018017,1,1,1091
1,1,0.60824125,0.227575,0.5671999999999999,0.5671999999999999,1,0.423018017,1,1,1092
1,1,0.494831,0.3672,0.5611,0.5611,1,0.423018017,1,1,1093
1,1,0.369499,0.4174,0.5645,0.5645,1,0.423018017,1,1,1094
1,1,0.239211,0.333,0.6067,0.6067,1,0.423018017,1,1,1095
1,1,0.122626,0.2407,0.635,0.635,1,0.423018017,1,1,1096
1,1,0.038799,0.2382,0.6968,0.6968,1,0.423018017,1,1,1097
1,1,0.001599,0.3765,0.72,0.72,1,0.423018017,1,1,1098
1,1,0.0,0.4665,0.7009,0.7009,1,0.423018017,1,1,1099
1,1,0.0,0.2728,0.6428,0.6428,1,0.423018017,1,1,1100
1,1,0.0,0.2701,0.6125,0.6125,1,0.423018017,1,1,1101
1,1,0.0012335,0.18598333333333336,0.4392333333333333,0.4392333333333333,1,0.423018017,1,1,1102
1,1,0.055426,0.2021,0.364,0.364,1,0.423018017,1,1,1103
1,1,0.133793,0.2646,0.3771,0.3771,1,0.423018017,1,1,1104
1,1,0.259051,0.2115,0.4037,0.4037,1,0.423018017,1,1,1105
1,1,0.354964,0.2272,0.427,0.427,1,0.423018017,1,1,1106
1,1,0.4076638000000001,0.22728,0.55888,0.55888,1,0.4230180170000001,1,1,1107
1,1,0.309838,0.3321,0.7104,0.7104,1,0.423018017,1,1,1108
1,1,0.08789409999999999,0.40314999999999995,0.5031633333333333,0.5031633333333333,1,0.4230180170000003,1,1,1109
1,1,0.0,0.5529,0.598,0.598,1,0.423018017,1,1,1110
1,1,0.010060333333333333,0.3658111111111111,0.2955888888888889,0.2955888888888889,1,0.423018017,1,1,1111
1,1,0.1533985,0.26575,0.1449,0.1449,1,0.423018017,1,1,1112
1,1,0.12166504999999998,0.24111500000000002,0.33354,0.33354,1,0.42301801700000025,1,1,1113
1,1,0.045007,0.2904,0.5272,0.5272,1,0.423018017,1,1,1114
1,1,0.113873,0.2797,0.59,0.59,1,0.423018017,1,1,1115
1,1,0.205282,0.2839,0.5923,0.5923,1,0.423018017,1,1,1116
1,1,0.384412,0.29410000000000003,0.6229499999999999,0.6229499999999999,1,0.423018017,1,1,1117
1,1,0.5792675,0.4032,0.587,0.587,1,0.423018017,1,1,1118
1,1,0.607067,0.27005,0.5602,0.5602,1,0.423018017,1,1,1119
1,1,0.43185949999999995,0.32425,0.5809500000000001,0.5809500000000001,1,0.423018017,1,1,1120
1,1,0.250177,0.3328,0.5023,0.5023,1,0.423018017,1,1,1121
1,1,0.016911615384615383,0.2571076923076923,0.32285384615384616,0.32285384615384616,1,0.42301801700000013,1,1,1122
1,1,0.129677,0.1987,0.103,0.103,1,0.423018017,1,1,1123
1,1,0.211546,0.1786,0.0952,0.0952,1,0.423018017,1,1,1124
1,1,0.389639625,0.1723,0.1022625,0.1022625,1,0.423015764875,1,1,1125
1,1,0.21576,0.1943,0.1199,0.1199,1,0.423018017,1,1,1126
1,1,0.11091,0.2562,0.1391,0.1391,1,0.423018017,1,1,1127
1,1,0.009119166666666666,0.3254916666666667,0.41759999999999997,0.41759999999999997,1,0.42301801700000013,1,1,1128
1,1,0.15928,0.2046,0.5182,0.5182,1,0.423018017,1,1,1129
1,1,0.310342,0.1576,0.5002,0.5002,1,0.423018017,1,1,1130
1,1,0.5131327142857143,0.10662857142857143,0.5033857142857142,0.5033857142857142,1,0.423018017,1,1,1131
1,1,0.462319,0.0886,0.396,0.396,1,0.423018017,1,1,1132
1,1,0.295796,0.0742,0.3756,0.3756,1,0.423018017,1,1,1133
1,1,0.018508076923076926,0.13513846153846154,0.33387692307692307,0.33387692307692307,1,0.42301801700000013,1,1,1134
1,1,0.173985,0.1397,0.2656,0.2656,1,0.423018017,1,1,1135
1,1,0.362182,0.1758,0.2628,0.2628,1,0.423018017,1,1,1136
1,1,0.563641,0.1336,0.2476,0.2476,1,0.423018017,1,1,1137
1,1,0.73454,0.124,0.2238,0.2238,1,0.423018017,1,1,1138
1,1,0.818457,0.1826,0.2173,0.2173,1,0.423018017,1,1,1139
1,1,0.8309926666666666,0.3325666666666667,0.2164,0.2164,1,0.423018017,1,1,1140
1,1,0.68117,0.4146,0.2389,0.2389,1,0.423018017,1,1,1141
1,1,0.51577,0.4411,0.2325,0.2325,1,0.423018017,1,1,1142
1,1,0.313634,0.5062,0.2695,0.2695,1,0.423018017,1,1,1143
1,1,0.046011750000000004,0.5257000000000001,0.31699999999999995,0.31699999999999995,1,0.423018017,1,1,1144
1,1,0.0,0.6148,0.3228,0.3228,1,0.423018017,1,1,1145
1,1,0.008424625,0.7207875,0.3815625,0.3815625,1,0.423018017,1,1,1146
1,1,0.1722,0.5162,0.3518,0.3518,1,0.423018017,1,1,1147
1,1,0.336506,0.3938,0.2938,0.2938,1,0.423018017,1,1,1148
1,1,0.509971,0.296,0.2921,0.2921,1,0.423018017,1,1,1149
1,1,0.634176,0.2432,0.2884,0.2884,1,0.423018017,1,1,1150
1,1,0.725193,0.1879,0.2938,0.2938,1,0.423018017,1,1,1151
1,1,0.793185,0.247,0.38685,0.38685,1,0.423018017,1,1,1152
1,1,0.777557,0.3733,0.4746,0.4746,1,0.423018017,1,1,1153
1,1,0.664381,0.4325,0.5507,0.5507,1,0.423018017,1,1,1154
1,1,0.498603,0.4544,0.621,0.621,1,0.423018017,1,1,1155
1,1,0.303142,0.4676,0.719,0.719,1,0.423018017,1,1,1156
1,1,0.128409,0.5139,0.7818,0.7818,1,0.423018017,1,1,1157
1,1,0.00504975,0.6969625000000002,0.8478375,0.8478375,1,0.423018017,1,1,1158
1,1,0.0,0.7356,0.7023,0.7023,1,0.423018017,1,1,1159
1,1,0.0027,0.71505,0.5304,0.5304,1,0.423018017,1,1,1160
1,1,0.040211,0.7446,0.5182,0.5182,1,0.423018017,1,1,1161
1,1,0.1158,0.6906,0.5017,0.5017,1,0.423018017,1,1,1162
1,1,0.18775,0.6486,0.4803,0.4803,1,0.423018017,1,1,1163
1,1,0.28797399999999995,0.5093,0.4381333333333333,0.4381333333333333,1,0.423018017,1,1,1164
1,1,0.4726364,0.54814,0.5704,0.5704,1,0.4230180170000001,1,1,1165
1,1,0.278265,0.5035,0.4203,0.4203,1,0.423018017,1,1,1166
1,1,0.131312,0.4686,0.333,0.333,1,0.423018017,1,1,1167
1,1,0.012933333333333333,0.5307666666666666,0.15453333333333333,0.15453333333333333,1,0.423018017,1,1,1168
1,1,0.0,0.4905,0.1108,0.1108,1,0.423018017,1,1,1169
1,1,0.00987625,0.3480125,0.2590875,0.2590875,1,0.423018017,1,1,1170
1,1,0.231232,0.1229,0.2822,0.2822,1,0.423018017,1,1,1171
1,1,0.432256,0.0538,0.2076,0.2076,1,0.423018017,1,1,1172
1,1,0.620036,0.0457,0.1665,0.1665,1,0.423018017,1,1,1173
1,1,0.811919,0.11191999999999999,0.06789999999999999,0.06789999999999999,1,0.4230180170000001,1,1,1174
1,1,0.644354,0.1742,0.1039,0.1039,1,0.423018017,1,1,1175
1,1,0.455331,0.2881,0.1502,0.1502,1,0.423018017,1,1,1176
1,1,0.09022160000000001,0.41178,0.29286,0.29286,1,0.4230180170000001,1,1,1177
1,1,0.0,0.5581,0.4168,0.4168,1,0.423018017,1,1,1178
1,1,0.0012569999999999999,0.6078714285714285,0.4414142857142857,0.4414142857142857,1,0.423018017,1,1,1179
1,1,0.1175065,0.31225,0.34440000000000004,0.34440000000000004,1,0.423018017,1,1,1180
1,1,0.349505,0.2184,0.3726,0.3726,1,0.423018017,1,1,1181
1,1,0.51153,0.2041,0.4038,0.4038,1,0.423018017,1,1,1182
1,1,0.621272,0.1898,0.4275,0.4275,1,0.423018017,1,1,1183
1,1,0.672199,0.2454,0.4781,0.4781,1,0.423018017,1,1,1184
1,1,0.7001,0.308,0.5509,0.5509,1,0.423018017,1,1,1185
1,1,0.712286,0.4089,0.5975,0.5975,1,0.423018017,1,1,1186
1,1,0.652412,0.4601,0.7168,0.7168,1,0.423018017,1,1,1187
1,1,0.564817,0.4019,0.791,0.791,1,0.423018017,1,1,1188
1,1,0.457028,0.4414,0.8269,0.8269,1,0.423018017,1,1,1189
1,1,0.289503,0.4897,0.8692,0.8692,1,0.423018017,1,1,1190
1,1,0.015251416666666665,0.6927416666666666,0.907525,0.907525,1,0.42301801700000013,1,1,1191
1,1,0.061805,0.6649,0.8995,0.8995,1,0.423018017,1,1,1192
1,1,0.196378,0.5882,0.9046,0.9046,1,0.423018017,1,1,1193
1,1,0.411937,0.4876,0.9,0.9,1,0.423018017,1,1,1194
1,1,0.592717,0.3564,0.8952,0.8952,1,0.423018017,1,1,1195
1,1,0.75707,0.36,0.88835,0.88835,1,0.423018017,1,1,1196
1,1,0.8209303333333334,0.4855666666666667,0.8973,0.8973,1,0.423018017,1,1,1197
1,1,0.661584,0.4559,0.9093,0.9093,1,0.423018017,1,1,1198
1,1,0.498522,0.471,0.9086,0.9086,1,0.423018017,1,1,1199
1,1,0.299938,0.5036,0.9106,0.9106,1,0.423018017,1,1,1200
1,1,0.131207,0.5187,0.9126,0.9126,1,0.423018017,1,1,1201
1,1,0.008264333333333334,0.38481666666666664,0.8499249999999999,0.8499249999999999,1,0.42301801700000013,1,1,1202
1,1,0.172427,0.0995,0.8269,0.8269,1,0.423018017,1,1,1203
1,1,0.32695,0.0456,0.8005,0.8005,1,0.423018017,1,1,1204
1,1,0.505785,0.0248,0.765,0.765,1,0.423018017,1,1,1205
1,1,0.670083,0.0225,0.744,0.744,1,0.423018017,1,1,1206
1,1,0.77007,0.0218,0.7018666666666666,0.7018666666666666,1,0.423018017,1,1,1207
1,1,0.674941,0.0199,0.5548,0.5548,1,0.423018017,1,1,1208
1,1,0.552619,0.0269,0.5176,0.5176,1,0.423018017,1,1,1209
1,1,0.402082,0.0309,0.4432,0.4432,1,0.423018017,1,1,1210
1,1,0.244354,0.0499,0.4176,0.4176,1,0.423018017,1,1,1211
1,1,0.120851,0.0404,0.425,0.425,1,0.423018017,1,1,1212
1,1,0.0366,0.1057,0.4499,0.4499,1,0.423018017,1,1,1213
1,1,0.0009,0.2183,0.4853,0.4853,1,0.423018017,1,1,1214
1,1,0.0,0.20845,0.3896,0.3896,1,0.423018017,1,1,1215
1,1,0.0010333333333333334,0.20886666666666667,0.22504999999999997,0.22504999999999997,1,0.423018017,1,1,1216
1,1,0.047416,0.0848,0.0871,0.0871,1,0.423018017,1,1,1217
1,1,0.134585,0.0675,0.0804,0.0804,1,0.423018017,1,1,1218
1,1,0.278377,0.0443,0.0821,0.0821,1,0.423018017,1,1,1219
1,1,0.460885,0.0351,0.0724,0.0724,1,0.423018017,1,1,1220
1,1,0.64684,0.0425,0.0632,0.0632,1,0.423018017,1,1,1221
1,1,0.7408162500000001,0.15495,0.052250000000000005,0.052250000000000005,1,0.423018017,1,1,1222
1,1,0.569236,0.2228,0.0437,0.0437,1,0.423018017,1,1,1223
1,1,0.423058,0.2155,0.0488,0.0488,1,0.423018017,1,1,1224
1,1,0.249362,0.283,0.0478,0.0478,1,0.423018017,1,1,1225
1,1,0.03629775,0.2652,0.07835,0.07835,1,0.423018017,1,1,1226
1,1,0.0,0.3913,0.1159,0.1159,1,0.423018017,1,1,1227
1,1,0.0,0.4076,0.1598,0.1598,1,0.423018017,1,1,1228
1,1,0.005028714285714285,0.35264285714285715,0.25539999999999996,0.25539999999999996,1,0.423018017,1,1,1229
1,1,0.072809,0.2321,0.2256,0.2256,1,0.423018017,1,1,1230
1,1,0.14395,0.2423,0.236,0.236,1,0.423018017,1,1,1231
1,1,0.225871,0.1617,0.2964,0.2964,1,0.423018017,1,1,1232
1,1,0.295028,0.0861,0.3838,0.3838,1,0.423018017,1,1,1233
1,1,0.33219319999999997,0.1457,0.68728,0.68728,1,0.4230180170000001,1,1,1234
1,1,0.18161500000000003,0.23115000000000002,0.83775,0.83775,1,0.423018017,1,1,1235
1,1,0.007612333333333332,0.47595000000000004,0.8293249999999999,0.8293249999999999,1,0.42301801700000013,1,1,1236
1,1,0.049805,0.429,0.7475,0.7475,1,0.423018017,1,1,1237
1,1,0.12422,0.4015,0.7726,0.7726,1,0.423018017,1,1,1238
1,1,0.211154,0.4055,0.8091,0.8091,1,0.423018017,1,1,1239
1,1,0.318793,0.3025,0.8125,0.8125,1,0.423018017,1,1,1240
1,1,0.351092,0.3996,0.7638,0.7638,1,0.423018017,1,1,1241
1,1,0.38646433333333335,0.2534333333333333,0.7353333333333333,0.7353333333333333,1,0.423018017,1,1,1242
1,1,0.227764,0.2513,0.7957,0.7957,1,0.423018017,1,1,1243
1,1,0.1128335,0.19595,0.77155,0.77155,1,0.423018017,1,1,1244
1,1,0.020599199999999998,0.10840000000000001,0.76324,0.76324,1,0.4230180170000001,1,1,1245
1,1,0.0,0.1216,0.7314,0.7314,1,0.423018017,1,1,1246
1,1,0.0,0.1075,0.745,0.745,1,0.423018017,1,1,1247
1,1,0.0005666666666666666,0.1870166666666667,0.74695,0.74695,1,0.423018017,1,1,1248
1,1,0.029983,0.168,0.6561,0.6561,1,0.423018017,1,1,1249
1,1,0.079239,0.1302,0.6465,0.6465,1,0.423018017,1,1,1250
1,1,0.140819,0.0893,0.6333,0.6333,1,0.423018017,1,1,1251
1,1,0.35314028571428574,0.06467142857142857,0.6215285714285714,0.6215285714285714,1,0.423018017,1,1,1252
1,1,0.269095,0.1889,0.5928,0.5928,1,0.423018017,1,1,1253
1,1,0.168486,0.2076,0.6005,0.6005,1,0.423018017,1,1,1254
1,1,0.04804,0.1729,0.5422,0.5422,1,0.423018017,1,1,1255
1,1,0.001801,0.2777,0.4287,0.4287,1,0.423018017,1,1,1256
1,1,0.0,0.4208,0.3941,0.3941,1,0.423018017,1,1,1257
1,1,0.0,0.4426,0.432,0.432,1,0.423018017,1,1,1258
1,1,0.0036555,0.36758750000000007,0.31645,0.31645,1,0.423018017,1,1,1259
1,1,0.067941,0.26,0.3554,0.3554,1,0.423018017,1,1,1260
1,1,0.147511,0.2097,0.4131,0.4131,1,0.423018017,1,1,1261
1,1,0.239438,0.2523,0.4489,0.4489,1,0.423018017,1,1,1262
1,1,0.3937336,0.26192000000000004,0.47724,0.47724,1,0.4230180170000001,1,1,1263
1,1,0.3474165,0.4184,0.3597,0.3597,1,0.423018017,1,1,1264
1,1,0.226647,0.537,0.3648,0.3648,1,0.423018017,1,1,1265
1,1,0.114416,0.6107,0.3787,0.3787,1,0.423018017,1,1,1266
1,1,0.010932333333333334,0.5834666666666667,0.5122333333333333,0.5122333333333333,1,0.423018017,1,1,1267
1,1,0.006428333333333334,0.5546333333333333,0.5635222222222223,0.5635222222222223,1,0.423018017,1,1,1268
1,1,0.147406,0.5888,0.6025,0.6025,1,0.423018017,1,1,1269
1,1,0.29941,0.6104,0.5593,0.5593,1,0.423018017,1,1,1270
1,1,0.469245,0.5378,0.4746,0.4746,1,0.423018017,1,1,1271
1,1,0.599011,0.6069,0.4409,0.4409,1,0.423018017,1,1,1272
1,1,0.697778,0.6694,0.3735,0.3735,1,0.423018017,1,1,1273
1,1,0.723467,0.7205,0.2549,0.2549,1,0.423018017,1,1,1274
1,1,0.6574036666666667,0.6516333333333333,0.15169999999999997,0.15169999999999997,1,0.423018017,1,1,1275
1,1,0.42637,0.6739,0.1545,0.1545,1,0.423018017,1,1,1276
1,1,0.266472,0.6741,0.1403,0.1403,1,0.423018017,1,1,1277
1,1,0.134993,0.6687,0.1697,0.1697,1,0.423018017,1,1,1278
1,1,0.0042796,0.6251599999999999,0.24587000000000003,0.24587000000000003,1,0.4230180170000001,1,1,1279
1,1,0.029803,0.4263,0.32565,0.32565,1,0.423018017,1,1,1280
1,1,0.162795,0.1738,0.3483,0.3483,1,0.423018017,1,1,1281
1,1,0.342944,0.0638,0.3772,0.3772,1,0.423018017,1,1,1282
1,1,0.5469,0.0439,0.3244,0.3244,1,0.423018017,1,1,1283
1,1,0.71881,0.0168,0.287,0.287,1,0.423018017,1,1,1284
1,1,0.8132550000000001,0.023649999999999997,0.215075,0.215075,1,0.423018017,1,1,1285
1,1,0.637513,0.0299,0.1842,0.1842,1,0.423018017,1,1,1286
1,1,0.466166,0.0381,0.1658,0.1658,1,0.423018017,1,1,1287
1,1,0.282179,0.056,0.175,0.175,1,0.423018017,1,1,1288
1,1,0.12541,0.074,0.2011,0.2011,1,0.423018017,1,1,1289
1,1,0.008329666666666668,0.33274166666666666,0.16966666666666666,0.16966666666666666,1,0.42301801700000013,1,1,1290
1,1,0.139372,0.2498,0.1181,0.1181,1,0.423018017,1,1,1291
1,1,0.297765,0.1431,0.117,0.117,1,0.423018017,1,1,1292
1,1,0.51486,0.0605,0.1146,0.1146,1,0.423018017,1,1,1293
1,1,0.673524,0.0511,0.1248,0.1248,1,0.423018017,1,1,1294
1,1,0.816261,0.14892500000000003,0.1497,0.1497,1,0.423018017,1,1,1295
1,1,0.67468,0.2612,0.1616,0.1616,1,0.423018017,1,1,1296
1,1,0.508265,0.3451,0.1481,0.1481,1,0.423018017,1,1,1297
1,1,0.304217,0.3917,0.1816,0.1816,1,0.423018017,1,1,1298
1,1,0.017582,0.48818461538461533,0.18623076923076923,0.18623076923076923,1,0.42301801700000013,1,1,1299
1,1,0.156017,0.2406,0.202,0.202,1,0.423018017,1,1,1300
1,1,0.305398,0.1679,0.2355,0.2355,1,0.423018017,1,1,1301
1,1,0.455424,0.1379,0.2254,0.2254,1,0.423018017,1,1,1302
1,1,0.6720102000000001,0.19666,0.3226,0.3226,1,0.4230180170000001,1,1,1303
1,1,0.54122,0.2641,0.4107,0.4107,1,0.423018017,1,1,1304
1,1,0.3927,0.2531,0.4552,0.4552,1,0.423018017,1,1,1305
1,1,0.24013,0.2074,0.4904,0.4904,1,0.423018017,1,1,1306
1,1,0.114407,0.2034,0.5239,0.5239,1,0.423018017,1,1,1307
1,1,0.012536666666666668,0.16010000000000002,0.5503666666666667,0.5503666666666667,1,0.423018017,1,1,1308
1,1,0.0,0.2358,0.574,0.574,1,0.423018017,1,1,1309
1,1,0.056876818181818174,0.2631636363636363,0.47029393939393943,0.47029393939393943,1,0.4077907549393937,1,1,1310
1,1,0.2626253333333333,0.07445555555555557,0.7428,0.7428,1,0.407314903,1,1,1311
1,1,0.03859374358974358,0.13221538461538462,0.5336051282051282,0.5336051282051282,1,0.40731490299999973,1,1,1312
1,1,0.148289,0.08,0.7915,0.7915,1,0.407314903,1,1,1313
1,1,0.262877,0.0916,0.7866,0.7866,1,0.407314903,1,1,1314
1,1,0.385693,0.0981,0.7842,0.7842,1,0.407314903,1,1,1315
1,1,0.5103546,0.12968,0.6775599999999999,0.6775599999999999,1,0.40731490299999995,1,1,1316
1,1,0.350323,0.1183,0.5329,0.5329,1,0.407314903,1,1,1317
1,1,0.212187,0.1224,0.5628,0.5628,1,0.407314903,1,1,1318
1,1,0.014425777777777779,0.24562222222222221,0.7266444444444444,0.7266444444444444,1,0.407314903,1,1,1319
1,1,0.014602,0.32342499999999996,0.56215,0.56215,1,0.407314903,1,1,1320
1,1,0.140811,0.4119,0.4842,0.4842,1,0.407314903,1,1,1321
1,1,0.253684,0.3882,0.4215,0.4215,1,0.407314903,1,1,1322
1,1,0.393947,0.4243,0.3879,0.3879,1,0.407314903,1,1,1323
1,1,0.570701,0.3986,0.374,0.374,1,0.407314903,1,1,1324
1,1,0.736346,0.3686,0.3736,0.3736,1,0.407314903,1,1,1325
1,1,0.7944969999999999,0.3687666666666667,0.23866666666666667,0.23866666666666667,1,0.407314903,1,1,1326
1,1,0.649523,0.3937,0.1832,0.1832,1,0.407314903,1,1,1327
1,1,0.475629,0.4285,0.2266,0.2266,1,0.407314903,1,1,1328
1,1,0.294404,0.4238,0.3263,0.3263,1,0.407314903,1,1,1329
1,1,0.134005,0.3326,0.4852,0.4852,1,0.407314903,1,1,1330
1,1,0.043203,0.3181,0.6331,0.6331,1,0.407314903,1,1,1331
1,1,0.0048902727272727275,0.5091818181818181,0.7511727272727271,0.7511727272727271,1,0.40731490299999995,1,1,1332
1,1,0.155506,0.3545,0.555,0.555,1,0.407314903,1,1,1333
1,1,0.356804,0.2777,0.50045,0.50045,1,0.407314903,1,1,1334
1,1,0.588231,0.3014,0.4179,0.4179,1,0.407314903,1,1,1335
1,1,0.74878025,0.2954,0.301375,0.301375,1,0.407314903,1,1,1336
1,1,0.589848,0.288,0.1866,0.1866,1,0.407314903,1,1,1337
1,1,0.44083,0.2368,0.1863,0.1863,1,0.407314903,1,1,1338
1,1,0.267802,0.1825,0.174,0.174,1,0.407314903,1,1,1339
1,1,0.041998,0.1062,0.17235,0.17235,1,0.407314903,1,1,1340
1,1,0.04889572727272728,0.10206363636363634,0.2725818181818182,0.2725818181818182,1,0.40731490299999995,1,1,1341
1,1,0.512956,0.0172,0.2101,0.2101,1,0.407314903,1,1,1342
1,1,0.7230076000000001,0.03286,0.19885999999999998,0.19885999999999998,1,0.40731490299999995,1,1,1343
1,1,0.59256,0.037,0.1468,0.1468,1,0.407314903,1,1,1344
1,1,0.07288841176470587,0.11970588235294116,0.05677058823529411,0.05677058823529411,1,0.40731490299999984,1,1,1345
1,1,0.384932,0.0153,0.067,0.067,1,0.407314903,1,1,1346
1,1,0.18765077272727276,0.3076272727272727,0.11075909090909092,0.11075909090909092,1,0.4073149029999998,1,1,1347
1,1,0.206895,0.3504,0.1966,0.1966,1,0.407314903,1,1,1348
1,1,0.323948,0.265,0.2127,0.2127,1,0.407314903,1,1,1349
1,1,0.4734,0.2527,0.2241,0.2241,1,0.407314903,1,1,1350
1,1,0.6003066,0.26539999999999997,0.30472,0.30472,1,0.40731490299999995,1,1,1351
1,1,0.386825,0.3235,0.3354,0.3354,1,0.407314903,1,1,1352
1,1,0.236761,0.2568,0.3369,0.3369,1,0.407314903,1,1,1353
1,1,0.0760315,0.25095,0.34115,0.34115,1,0.407314903,1,1,1354
1,1,0.0007999999999999999,0.5112,0.41626666666666673,0.41626666666666673,1,0.407314903,1,1,1355
1,1,0.0400492,0.43044000000000004,0.35155000000000003,0.35155000000000003,1,0.40731490299999995,1,1,1356
1,1,0.388863,0.3608,0.1209,0.1209,1,0.407314903,1,1,1357
1,1,0.555444,0.3496,0.0875,0.0875,1,0.407314903,1,1,1358
1,1,0.7115323333333333,0.33266666666666667,0.0451,0.0451,1,0.407314903,1,1,1359
1,1,0.627824,0.2244,0.0236,0.0236,1,0.407314903,1,1,1360
1,1,0.501409,0.214,0.0138,0.0138,1,0.407314903,1,1,1361
1,1,0.333955,0.1566,0.0123,0.0123,1,0.407314903,1,1,1362
1,1,0.219763,0.1901,0.0169,0.0169,1,0.407314903,1,1,1363
1,1,0.106937,0.1273,0.0229,0.0229,1,0.407314903,1,1,1364
1,1,0.0195025,0.22315000000000002,0.0442,0.0442,1,0.407314903,1,1,1365
1,1,0.0,0.3844,0.06,0.06,1,0.407314903,1,1,1366
1,1,0.04017927272727272,0.24946363636363636,0.055890909090909095,0.055890909090909095,1,0.40731490299999995,1,1,1367
1,1,0.402545,0.0754,0.025,0.025,1,0.407314903,1,1,1368
1,1,0.574901,0.032633333333333334,0.015866666666666664,0.015866666666666664,1,0.407314903,1,1,1369
1,1,0.391552,0.0301,0.0432,0.0432,1,0.407314903,1,1,1370
1,1,0.10074528571428572,0.0948047619047619,0.13809999999999997,0.13809999999999997,1,0.4073149029999998,1,1,1371
1,1,0.3454155,0.10675,0.4198,0.4198,1,0.407314903,1,1,1372
1,1,0.08599633333333334,0.19576666666666664,0.5978833333333333,0.5978833333333333,1,0.407314903,1,1,1373
1,1,0.0,0.3601,0.5713,0.5713,1,0.407314903,1,1,1374
1,1,0.003402875,0.2515375,0.5995375,0.5995375,1,0.407314903,1,1,1375
1,1,0.055829,0.0881,0.6617,0.6617,1,0.407314903,1,1,1376
1,1,0.17462266666666668,0.07806666666666666,0.6998666666666667,0.6998666666666667,1,0.407314903,1,1,1377
1,1,0.339104,0.061,0.7127,0.7127,1,0.407314903,1,1,1378
1,1,0.455061,0.149075,0.7031000000000001,0.7031000000000001,1,0.407314903,1,1,1379
1,1,0.261058,0.1855,0.7638,0.7638,1,0.407314903,1,1,1380
1,1,0.0459922,0.27138,0.7961,0.7961,1,0.40731490299999995,1,1,1381
1,1,0.0,0.3489,0.7493,0.7493,1,0.407314903,1,1,1382
1,1,0.004050625,0.3858625,0.5783874999999999,0.5783874999999999,1,0.407314903,1,1,1383
1,1,0.100649,0.2763,0.3023,0.3023,1,0.407314903,1,1,1384
1,1,0.215993,0.1083,0.2666,0.2666,1,0.407314903,1,1,1385
1,1,0.382773,0.0844,0.2115,0.2115,1,0.407314903,1,1,1386
1,1,0.497272,0.0901,0.1922,0.1922,1,0.407314903,1,1,1387
1,1,0.602384,0.0352,0.1276,0.1276,1,0.407314903,1,1,1388
1,1,0.6840483333333333,0.08373333333333333,0.10463333333333331,0.10463333333333331,1,0.407314903,1,1,1389
1,1,0.516808,0.2022,0.1645,0.1645,1,0.407314903,1,1,1390
1,1,0.35635,0.1939,0.2166,0.2166,1,0.407314903,1,1,1391
1,1,0.194413,0.1678,0.2511,0.2511,1,0.407314903,1,1,1392
1,1,0.086609,0.1736,0.31,0.31,1,0.407314903,1,1,1393
1,1,0.023038,0.2384,0.3789,0.3789,1,0.407314903,1,1,1394
1,1,0.0003,0.316,0.46555,0.46555,1,0.407314903,1,1,1395
1,1,0.0,0.353,0.5603,0.5603,1,0.407314903,1,1,1396
1,1,0.0,0.4098,0.5488,0.5488,1,0.407314903,1,1,1397
1,1,0.022398,0.49084999999999995,0.34722500000000006,0.34722500000000006,1,0.407314903,1,1,1398
1,1,0.31416,0.3261,0.1247,0.1247,1,0.407314903,1,1,1399
1,1,0.507787,0.3257,0.1048,0.1048,1,0.407314903,1,1,1400
1,1,0.7287301666666667,0.31198333333333333,0.06818333333333333,0.06818333333333333,1,0.407314903,1,1,1401
1,1,0.460984,0.2933,0.0693,0.0693,1,0.407314903,1,1,1402
1,1,0.280049,0.2473,0.0923,0.0923,1,0.407314903,1,1,1403
1,1,0.120187,0.258,0.1093,0.1093,1,0.407314903,1,1,1404
1,1,0.029994,0.2746,0.1263,0.1263,1,0.407314903,1,1,1405
1,1,0.0002,0.3779,0.2255,0.2255,1,0.407314903,1,1,1406
1,1,0.2820313333333333,0.21323888888888884,0.17912222222222218,0.17912222222222218,1,0.40731490299999984,1,1,1407
1,1,0.42823,0.0754,0.0707,0.0707,1,0.407314903,1,1,1408
1,1,0.272139,0.0818,0.1114,0.1114,1,0.407314903,1,1,1409
1,1,0.03804875,0.199425,0.24645,0.24645,1,0.407314903,1,1,1410
1,1,0.041762272727272724,0.37564545454545456,0.35568181818181815,0.35568181818181815,1,0.40731490299999995,1,1,1411
1,1,0.559337,0.11595,0.13335,0.13335,1,0.407314903,1,1,1412
1,1,0.6570895999999999,0.08538,0.09436,0.09436,1,0.40731490299999995,1,1,1413
1,1,0.394272,0.0801,0.1039,0.1039,1,0.407314903,1,1,1414
1,1,0.233679,0.0692,0.1249,0.1249,1,0.407314903,1,1,1415
1,1,0.03157075,0.13015,0.214525,0.214525,1,0.407314903,1,1,1416
1,1,0.004867666666666667,0.3473222222222222,0.2732666666666667,0.2732666666666667,1,0.407314903,1,1,1417
1,1,0.149559,0.432,0.3799,0.3799,1,0.407314903,1,1,1418
1,1,0.339023,0.3425,0.4106,0.4106,1,0.407314903,1,1,1419
1,1,0.549502,0.2723,0.4111,0.4111,1,0.407314903,1,1,1420
1,1,0.715003,0.2876,0.4367,0.4367,1,0.407314903,1,1,1421
1,1,0.81654225,0.364325,0.35319999999999996,0.35319999999999996,1,0.407314903,1,1,1422
1,1,0.658784,0.4371,0.2942,0.2942,1,0.407314903,1,1,1423
1,1,0.503371,0.4538,0.2249,0.2249,1,0.407314903,1,1,1424
1,1,0.035977571428571435,0.6063857142857143,0.2713285714285715,0.2713285714285715,1,0.4073149029999999,1,1,1425
1,1,0.150848,0.4185,0.3432,0.3432,1,0.407314903,1,1,1426
1,1,0.33898,0.4144,0.305,0.305,1,0.407314903,1,1,1427
1,1,0.549369,0.4125,0.2649,0.2649,1,0.407314903,1,1,1428
1,1,0.718848,0.5193,0.2109,0.2109,1,0.407314903,1,1,1429
1,1,0.7734666,0.5521800000000001,0.10398,0.10398,1,0.40731490299999995,1,1,1430
1,1,0.462261,0.4393,0.1216,0.1216,1,0.407314903,1,1,1431
1,1,0.032359571428571425,0.23450714285714286,0.5416785714285715,0.5416785714285715,1,0.4073149029999999,1,1,1432
1,1,0.101648,0.3056,0.8045,0.8045,1,0.407314903,1,1,1433
1,1,0.213181,0.3448,0.8417,0.8417,1,0.407314903,1,1,1434
1,1,0.42491775,0.33451250000000005,0.8826999999999998,0.8826999999999998,1,0.407314903,1,1,1435
1,1,0.257823,0.338,0.8561,0.8561,1,0.407314903,1,1,1436
1,1,0.03654875,0.411125,0.794225,0.794225,1,0.407314903,1,1,1437
1,1,0.0,0.5532,0.7642,0.7642,1,0.407314903,1,1,1438
1,1,0.051714100000000006,0.5155000000000001,0.33137000000000005,0.33137000000000005,1,0.40731490299999995,1,1,1439
1,1,0.517276,0.215,0.0784,0.0784,1,0.407314903,1,1,1440
1,1,0.659254,0.2092,0.089,0.089,1,0.407314903,1,1,1441
1,1,0.71179025,0.22192499999999998,0.19027499999999997,0.19027499999999997,1,0.407314903,1,1,1442
1,1,0.545599,0.2004,0.358,0.358,1,0.407314903,1,1,1443
1,1,0.399803,0.2398,0.4626,0.4626,1,0.407314903,1,1,1444
1,1,0.246422,0.2683,0.5274,0.5274,1,0.407314903,1,1,1445
1,1,0.115204,0.303,0.6074,0.6074,1,0.407314903,1,1,1446
1,1,0.034401,0.4423,0.6742,0.6742,1,0.407314903,1,1,1447
1,1,0.000501,0.5720000000000001,0.76615,0.76615,1,0.407314903,1,1,1448
1,1,0.0,0.5471,0.8257,0.8257,1,0.407314903,1,1,1449
1,1,0.0,0.6566,0.8516,0.8516,1,0.407314903,1,1,1450
1,1,0.005056428571428572,0.5280857142857143,0.8819571428571428,0.8819571428571428,1,0.407314903,1,1,1451
1,1,0.122027,0.3679,0.8717,0.8717,1,0.407314903,1,1,1452
1,1,0.287596,0.2736,0.8744,0.8744,1,0.407314903,1,1,1453
1,1,0.445277,0.2153,0.8765,0.8765,1,0.407314903,1,1,1454
1,1,0.610745,0.202,0.8751,0.8751,1,0.407314903,1,1,1455
1,1,0.69372225,0.20565,0.888275,0.888275,1,0.407314903,1,1,1456
1,1,0.522749,0.2423,0.8915,0.8915,1,0.407314903,1,1,1457
1,1,0.371395,0.334,0.8993,0.8993,1,0.407314903,1,1,1458
1,1,0.200342,0.3486,0.8986,0.8986,1,0.407314903,1,1,1459
1,1,0.082784,0.3591,0.8879,0.8879,1,0.407314903,1,1,1460
1,1,0.008058333333333332,0.4373666666666667,0.8283999999999999,0.8283999999999999,1,0.407314903,1,1,1461
1,1,0.0035095555555555553,0.4614666666666667,0.7180555555555554,0.7180555555555554,1,0.407314903,1,1,1462
1,1,0.10164,0.1781,0.7902,0.7902,1,0.407314903,1,1,1463
1,1,0.231518,0.1477,0.7759,0.7759,1,0.407314903,1,1,1464
1,1,0.355207,0.0856,0.7201,0.7201,1,0.407314903,1,1,1465
1,1,0.451371,0.0617,0.6848,0.6848,1,0.407314903,1,1,1466
1,1,0.578303,0.0625,0.647,0.647,1,0.407314903,1,1,1467
1,1,0.62982275,0.0241,0.53135,0.53135,1,0.407314903,1,1,1468
1,1,0.436583,0.018,0.4888,0.4888,1,0.407314903,1,1,1469
1,1,0.268217,0.021,0.4518,0.4518,1,0.407314903,1,1,1470
1,1,0.1907786,0.18027,0.18641000000000002,0.18641000000000002,1,0.4073149029999998,1,1,1471
1,1,0.59146,0.3016,0.1822,0.1822,1,0.407314903,1,1,1472
1,1,0.511493,0.4952,0.2735,0.2735,1,0.407314903,1,1,1473
1,1,0.383037,0.4349,0.3591,0.3591,1,0.407314903,1,1,1474
1,1,0.238173,0.4673,0.4909,0.4909,1,0.407314903,1,1,1475
1,1,0.109807,0.516,0.5448,0.5448,1,0.407314903,1,1,1476
1,1,0.008598666666666666,0.5138666666666666,0.6063666666666667,0.6063666666666667,1,0.407314903,1,1,1477
1,1,0.052384416666666676,0.3837083333333333,0.36690000000000006,0.36690000000000006,1,0.4073149029999999,1,1,1478
1,1,0.483215,0.1682,0.0973,0.0973,1,0.407314903,1,1,1479
1,1,0.1958259,0.26747,0.129575,0.129575,1,0.4073149029999998,1,1,1480
1,1,0.095451,0.0372,0.1718,0.1718,1,0.407314903,1,1,1481
1,1,0.3127506666666667,0.034222222222222216,0.17545555555555556,0.17545555555555556,1,0.407314903,1,1,1482
1,1,0.16805672727272727,0.2624454545454545,0.10417272727272729,0.10417272727272729,1,0.4073149029999998,1,1,1483
1,1,0.47082,0.07035,0.1603,0.1603,1,0.407314903,1,1,1484
1,1,0.229022,0.0656,0.2025,0.2025,1,0.407314903,1,1,1485
1,1,0.03520333333333333,0.09293333333333333,0.29386666666666666,0.29386666666666666,1,0.407314903,1,1,1486
1,1,0.0,0.2323,0.3829,0.3829,1,0.407314903,1,1,1487
1,1,0.041596,0.2654818181818182,0.35555454545454546,0.35555454545454546,1,0.40731490299999995,1,1,1488
1,1,0.497089,0.2536,0.1761,0.1761,1,0.407314903,1,1,1489
1,1,0.660319,0.2776,0.1104,0.1104,1,0.407314903,1,1,1490
1,1,0.71078225,0.329975,0.043675,0.043675,1,0.407314903,1,1,1491
1,1,0.564217,0.3836,0.0552,0.0552,1,0.407314903,1,1,1492
1,1,0.430562,0.4766,0.0949,0.0949,1,0.407314903,1,1,1493
1,1,0.262769,0.4455,0.132,0.132,1,0.407314903,1,1,1494
1,1,0.109397,0.4153,0.1853,0.1853,1,0.407314903,1,1,1495
1,1,0.020999,0.4723,0.2344,0.2344,1,0.407314903,1,1,1496
1,1,0.0,0.6018666666666667,0.34713333333333335,0.34713333333333335,1,0.407314903,1,1,1497
1,1,0.0,0.6279,0.4544,0.4544,1,0.407314903,1,1,1498
1,1,0.004142714285714286,0.6559142857142858,0.3607857142857143,0.3607857142857143,1,0.407314903,1,1,1499
1,1,0.115797,0.4706,0.2295,0.2295,1,0.407314903,1,1,1500
1,1,0.298034,0.431,0.1914,0.1914,1,0.407314903,1,1,1501
1,1,0.458733,0.4994,0.1407,0.1407,1,0.407314903,1,1,1502
1,1,0.589703,0.5187,0.1072,0.1072,1,0.407314903,1,1,1503
1,1,0.691168,0.540975,0.059649999999999995,0.059649999999999995,1,0.407314903,1,1,1504
1,1,0.513622,0.5396,0.0756,0.0756,1,0.407314903,1,1,1505
1,1,0.373121,0.4867,0.0825,0.0825,1,0.407314903,1,1,1506
1,1,0.214142,0.4066,0.0789,0.0789,1,0.407314903,1,1,1507
1,1,0.0263415,0.365375,0.078325,0.078325,1,0.407314903,1,1,1508
1,1,0.2839822777777778,0.08076666666666667,0.07078333333333334,0.07078333333333334,1,0.40731490299999984,1,1,1509
1,1,0.414245,0.0465,0.0721,0.0721,1,0.407314903,1,1,1510
1,1,0.240345,0.0779,0.1132,0.1132,1,0.407314903,1,1,1511
1,1,0.061686,0.18395,0.1593,0.1593,1,0.407314903,1,1,1512
1,1,0.0,0.4345,0.2057,0.2057,1,0.407314903,1,1,1513
1,1,0.0,0.546,0.246,0.246,1,0.407314903,1,1,1514
1,1,0.0,0.6337,0.311,0.311,1,0.407314903,1,1,1515
1,1,0.0,0.6577,0.3694,0.3694,1,0.407314903,1,1,1516
1,1,0.004089142857142857,0.5976857142857143,0.4589285714285714,0.4589285714285714,1,0.407314903,1,1,1517
1,1,0.121401,0.4039,0.6244,0.6244,1,0.407314903,1,1,1518
1,1,0.242753,0.2771,0.6858,0.6858,1,0.407314903,1,1,1519
1,1,0.393905,0.2837,0.7595,0.7595,1,0.407314903,1,1,1520
1,1,0.52718,0.2551,0.763,0.763,1,0.407314903,1,1,1521
1,1,0.614662,0.3034,0.774,0.774,1,0.407314903,1,1,1522
1,1,0.6584366666666667,0.3812,0.8309666666666667,0.8309666666666667,1,0.407314903,1,1,1523
1,1,0.470452,0.4403,0.8497,0.8497,1,0.407314903,1,1,1524
1,1,0.312571,0.4563,0.8465,0.8465,1,0.407314903,1,1,1525
1,1,0.148439,0.5487,0.8525,0.8525,1,0.407314903,1,1,1526
1,1,0.061163,0.4791,0.8325,0.8325,1,0.407314903,1,1,1527
1,1,0.0034663333333333334,0.6199,0.7949333333333334,0.7949333333333334,1,0.407314903,1,1,1528
1,1,0.0,0.6949,0.7681,0.7681,1,0.407314903,1,1,1529
1,1,0.0,0.698,0.7164,0.7164,1,0.407314903,1,1,1530
1,1,0.0,0.7281,0.6343,0.6343,1,0.393985342,1,1,1531
1,1,0.003698,0.56605,0.4014166666666667,0.4014166666666667,1,0.39398534200000007,1,1,1532
1,1,0.091656,0.3151,0.2496,0.2496,1,0.393985342,1,1,1533
1,1,0.227747,0.2356,0.2178,0.2178,1,0.393985342,1,1,1534
1,1,0.23951922727272734,0.15990454545454547,0.08965909090909091,0.08965909090909091,1,0.3939853419999999,1,1,1535
1,1,0.115619,0.1545,0.0178,0.0178,1,0.393985342,1,1,1536
1,1,0.231774,0.1014,0.0172,0.0172,1,0.393985342,1,1,1537
1,1,0.45358,0.0619,0.024,0.024,1,0.393985342,1,1,1538
1,1,0.18337559090909095,0.4131181818181819,0.19991363636363638,0.19991363636363638,1,0.3939853419999999,1,1,1539
1,1,0.5252985,0.0956,0.15825,0.15825,1,0.393985342,1,1,1540
1,1,0.6777770000000001,0.056825,0.136775,0.136775,1,0.393985342,1,1,1541
1,1,0.427566,0.0499,0.1208,0.1208,1,0.393985342,1,1,1542
1,1,0.2666,0.0508,0.1265,0.1265,1,0.393985342,1,1,1543
1,1,0.044211,0.09862,0.18346,0.18346,1,0.393985342,1,1,1544
1,1,0.019350454545454546,0.1792090909090909,0.15712727272727275,0.15712727272727275,1,0.39398534200000007,1,1,1545
1,1,0.247005,0.0692,0.1545,0.1545,1,0.393985342,1,1,1546
1,1,0.4586961666666667,0.19625,0.19683333333333333,0.19683333333333333,1,0.39398534200000007,1,1,1547
1,1,0.308793,0.2934,0.2978,0.2978,1,0.393985342,1,1,1548
1,1,0.1946,0.3491,0.3492,0.3492,1,0.393985342,1,1,1549
1,1,0.093203,0.3957,0.3547,0.3547,1,0.393985342,1,1,1550
1,1,0.005339333333333334,0.4814333333333333,0.3926333333333334,0.3926333333333334,1,0.39398534199999996,1,1,1551
1,1,0.033593090909090906,0.473609090909091,0.28907272727272726,0.28907272727272726,1,0.39398534200000007,1,1,1552
1,1,0.5289435,0.128,0.17659999999999998,0.17659999999999998,1,0.393985342,1,1,1553
1,1,0.6759145999999999,0.14892,0.22194000000000003,0.22194000000000003,1,0.393985342,1,1,1554
1,1,0.416409,0.1776,0.286,0.286,1,0.393985342,1,1,1555
1,1,0.243386,0.2013,0.3492,0.3492,1,0.393985342,1,1,1556
1,1,0.0908,0.2259,0.4358,0.4358,1,0.393985342,1,1,1557
1,1,0.005933333333333333,0.32613333333333333,0.4431333333333334,0.4431333333333334,1,0.39398534199999996,1,1,1558
1,1,0.009743,0.42474,0.28093,0.28093,1,0.39398534200000007,1,1,1559
1,1,0.179184,0.4515,0.2086,0.2086,1,0.393985342,1,1,1560
1,1,0.328609,0.4677,0.2174,0.2174,1,0.393985342,1,1,1561
1,1,0.507338,0.5843,0.2214,0.2214,1,0.393985342,1,1,1562
1,1,0.669912,0.5795,0.18245,0.18245,1,0.393985342,1,1,1563
1,1,0.518258,0.525,0.2099,0.2099,1,0.393985342,1,1,1564
1,1,0.384804,0.4334,0.2332,0.2332,1,0.393985342,1,1,1565
1,1,0.210854,0.4152,0.2625,0.2625,1,0.393985342,1,1,1566
1,1,0.0446995,0.37705,0.28935,0.28935,1,0.393985342,1,1,1567
1,1,0.0,0.5431,0.3301,0.3301,1,0.393985342,1,1,1568
1,1,0.02770281818181818,0.18395454545454548,0.24492727272727272,0.24492727272727272,1,0.39398534200000007,1,1,1569
1,1,0.37586,0.0347,0.0787,0.0787,1,0.393985342,1,1,1570
1,1,0.534429,0.0245,0.071,0.071,1,0.393985342,1,1,1571
1,1,0.6423425,0.05105,0.05175,0.05175,1,0.393985342,1,1,1572
1,1,0.435495,0.0912,0.0792,0.0792,1,0.393985342,1,1,1573
1,1,0.312499,0.1373,0.1038,0.1038,1,0.393985342,1,1,1574
1,1,0.07773166666666666,0.19786666666666666,0.18456666666666668,0.18456666666666668,1,0.39398534199999996,1,1,1575
1,1,0.0,0.4165,0.265,0.265,1,0.393985342,1,1,1576
1,1,0.0,0.4338,0.3233,0.3233,1,0.393985342,1,1,1577
1,1,0.0027995555555555556,0.42484444444444447,0.6898444444444445,0.6898444444444445,1,0.39398534200000007,1,1,1578
1,1,0.104284,0.3821,0.829,0.829,1,0.393985342,1,1,1579
1,1,0.237616,0.3951,0.8609,0.8609,1,0.393985342,1,1,1580
1,1,0.405398,0.3711,0.8492,0.8492,1,0.393985342,1,1,1581
1,1,0.558577,0.3562,0.8332,0.8332,1,0.393985342,1,1,1582
1,1,0.6964515,0.3397,0.7706999999999999,0.7706999999999999,1,0.393985342,1,1,1583
1,1,0.712128,0.4618,0.7333,0.7333,1,0.393985342,1,1,1584
1,1,0.680213,0.5336,0.6665,0.6665,1,0.393985342,1,1,1585
1,1,0.563734,0.5458,0.675,0.675,1,0.393985342,1,1,1586
1,1,0.406603,0.51,0.7066,0.7066,1,0.393985342,1,1,1587
1,1,0.224139,0.5872,0.7397,0.7397,1,0.393985342,1,1,1588
1,1,0.023348749999999998,0.5697,0.72475,0.72475,1,0.393985342,1,1,1589
1,1,0.0,0.5147,0.6903,0.6903,1,0.393985342,1,1,1590
1,1,0.0,0.4626,0.7215499999999999,0.7215499999999999,1,0.393985342,1,1,1591
1,1,0.0680068888888889,0.1504222222222222,0.45422222222222214,0.45422222222222214,1,0.39398534200000007,1,1,1592
1,1,0.45692,0.0307,0.2425,0.2425,1,0.393985342,1,1,1593
1,1,0.521489,0.03835,0.1925,0.1925,1,0.393985342,1,1,1594
1,1,0.44289,0.0606,0.183,0.183,1,0.393985342,1,1,1595
1,1,0.323159,0.0509,0.2486,0.2486,1,0.393985342,1,1,1596
1,1,0.18625,0.0904,0.3107,0.3107,1,0.393985342,1,1,1597
1,1,0.012655499999999998,0.12045625000000001,0.52423125,0.52423125,1,0.39398534199999996,1,1,1598
1,1,0.064143,0.0524,0.2925,0.2925,1,0.393985342,1,1,1599
1,1,0.0845283043478261,0.06571739130434782,0.3639869565217392,0.3639869565217392,1,0.39398534199999996,1,1,1600
1,1,0.23996,0.0893,0.4178,0.4178,1,0.393985342,1,1,1601
1,1,0.396258,0.0501,0.3822,0.3822,1,0.393985342,1,1,1602
1,1,0.5959756666666667,0.08126666666666667,0.34286666666666665,0.34286666666666665,1,0.39398534199999996,1,1,1603
1,1,0.10956866666666666,0.3828388888888889,0.11510555555555557,0.11510555555555557,1,0.3939853419999999,1,1,1604
1,1,0.112997,0.5841,0.0943,0.0943,1,0.393985342,1,1,1605
1,1,0.278188,0.5039,0.1099,0.1099,1,0.393985342,1,1,1606
1,1,0.480895,0.4995,0.1227,0.1227,1,0.393985342,1,1,1607
1,1,0.655013,0.4468,0.1282,0.1282,1,0.393985342,1,1,1608
1,1,0.7711255,0.5559499999999999,0.10155,0.10155,1,0.393985342,1,1,1609
1,1,0.7193145000000001,0.7091000000000001,0.09385,0.09385,1,0.393985342,1,1,1610
1,1,0.570069,0.7189,0.1222,0.1222,1,0.393985342,1,1,1611
1,1,0.409343,0.6966,0.1753,0.1753,1,0.393985342,1,1,1612
1,1,0.228785,0.6444,0.2194,0.2194,1,0.393985342,1,1,1613
1,1,0.031001333333333336,0.6241333333333333,0.38073333333333337,0.38073333333333337,1,0.39398534199999996,1,1,1614
1,1,0.0,0.6933,0.5266,0.5266,1,0.393985342,1,1,1615
1,1,0.0,0.7202,0.5091,0.5091,1,0.393985342,1,1,1616
1,1,0.0,0.6842999999999999,0.49119999999999997,0.49119999999999997,1,0.393985342,1,1,1617
1,1,0.0,0.5756333333333333,0.5886,0.5886,1,0.39398534199999996,1,1,1618
1,1,0.007733,0.5090666666666667,0.4426666666666667,0.4426666666666667,1,0.39398534199999996,1,1,1619
1,1,0.103821,0.3327,0.285,0.285,1,0.393985342,1,1,1620
1,1,0.247971,0.2976,0.2179,0.2179,1,0.393985342,1,1,1621
1,1,0.21544658333333336,0.24302499999999996,0.08182083333333333,0.08182083333333333,1,0.39398534199999996,1,1,1622
1,1,0.451923,0.0225,0.1112,0.1112,1,0.393985342,1,1,1623
1,1,0.1319723191489362,0.3339297872340425,0.2009553191489361,0.2009553191489361,1,0.3939853420000003,1,1,1624
1,1,0.158669,0.278,0.7635,0.7635,1,0.393985342,1,1,1625
1,1,0.23194,0.2201,0.7572,0.7572,1,0.393985342,1,1,1626
1,1,0.351965,0.1818,0.7492,0.7492,1,0.393985342,1,1,1627
1,1,0.48789225,0.17325000000000002,0.7697999999999999,0.7697999999999999,1,0.393985342,1,1,1628
1,1,0.336504,0.2581,0.7801,0.7801,1,0.393985342,1,1,1629
1,1,0.085513,0.3041333333333333,0.7515666666666666,0.7515666666666666,1,0.39398534199999996,1,1,1630
1,1,0.0,0.3709,0.576,0.576,1,0.393985342,1,1,1631
1,1,0.0,0.549,0.4281,0.4281,1,0.393985342,1,1,1632
1,1,0.0,0.6593,0.3291,0.3291,1,0.393985342,1,1,1633
1,1,0.260815,0.25451874999999996,0.09665,0.09665,1,0.39398534199999996,1,1,1634
1,1,0.535081,0.1292,0.0633,0.0633,1,0.393985342,1,1,1635
1,1,0.373904,0.1415,0.0961,0.0961,1,0.393985342,1,1,1636
1,1,0.195106,0.1836,0.1137,0.1137,1,0.393985342,1,1,1637
1,1,0.13666155263157895,0.2544763157894738,0.21116052631578944,0.21116052631578944,1,0.3939853420000002,1,1,1638
1,1,0.224655,0.1313,0.2525,0.2525,1,0.393985342,1,1,1639
1,1,0.4326362857142857,0.13084285714285712,0.15401428571428571,0.15401428571428571,1,0.39398534200000007,1,1,1640
1,1,0.271545,0.1234,0.2661,0.2661,1,0.393985342,1,1,1641
1,1,0.178451,0.1256,0.3323,0.3323,1,0.393985342,1,1,1642
1,1,0.006848076923076923,0.28244615384615385,0.38884615384615384,0.38884615384615384,1,0.393985342,1,1,1643
1,1,0.100803,0.2717,0.5354,0.5354,1,0.393985342,1,1,1644
1,1,0.273555,0.2036,0.5692,0.5692,1,0.393985342,1,1,1645
1,1,0.484432,0.1349,0.505,0.505,1,0.393985342,1,1,1646
1,1,0.66002,0.1916,0.4629,0.4629,1,0.393985342,1,1,1647
1,1,0.7787643333333333,0.22413333333333332,0.3805,0.3805,1,0.39398534199999996,1,1,1648
1,1,0.687811,0.242,0.2161,0.2161,1,0.393985342,1,1,1649
1,1,0.14227243902439027,0.30016341463414636,0.1292073170731707,0.1292073170731707,1,0.39398534200000024,1,1,1650
1,1,0.253895,0.0358,0.0435,0.0435,1,0.393985342,1,1,1651
1,1,0.453911,0.0113,0.0351,0.0351,1,0.393985342,1,1,1652
1,1,0.6470825714285714,0.10255714285714286,0.08395714285714286,0.08395714285714286,1,0.39398534200000007,1,1,1653
1,1,0.199766,0.2073,0.2233,0.2233,1,0.393985342,1,1,1654
1,1,0.005971461538461538,0.4542461538461539,0.38484615384615395,0.38484615384615395,1,0.393985342,1,1,1655
1,1,0.07703,0.4033,0.4428,0.4428,1,0.393985342,1,1,1656
1,1,0.227497,0.4291,0.4691,0.4691,1,0.393985342,1,1,1657
1,1,0.346975,0.4175,0.4765,0.4765,1,0.393985342,1,1,1658
1,1,0.429783,0.4032,0.4853,0.4853,1,0.393985342,1,1,1659
1,1,0.39249225,0.5559750000000001,0.45824999999999994,0.45824999999999994,1,0.393985342,1,1,1660
1,1,0.08383283333333331,0.5216500000000001,0.47446666666666665,0.47446666666666665,1,0.39398534200000007,1,1,1661
1,1,0.0,0.4905,0.6994,0.6994,1,0.393985342,1,1,1662
1,1,0.008065,0.24226999999999999,0.5810599999999999,0.5810599999999999,1,0.39398534200000007,1,1,1663
1,1,0.165776,0.1042,0.4277,0.4277,1,0.393985342,1,1,1664
1,1,0.284307,0.1099,0.4492,0.4492,1,0.393985342,1,1,1665
1,1,0.3906503333333333,0.16628333333333334,0.46248333333333336,0.46248333333333336,1,0.39398534200000007,1,1,1666
1,1,0.208324,0.2839,0.4881,0.4881,1,0.393985342,1,1,1667
1,1,0.123347,0.352,0.476,0.476,1,0.393985342,1,1,1668
1,1,0.015602,0.5013333333333333,0.4707666666666667,0.4707666666666667,1,0.39398534199999996,1,1,1669
1,1,0.0,0.4701,0.5157,0.5157,1,0.393985342,1,1,1670
1,1,0.0,0.4914,0.531,0.531,1,0.393985342,1,1,1671
1,1,0.0,0.3913,0.5202,0.5202,1,0.393985342,1,1,1672
1,1,0.04271729999999999,0.12781,0.5472566666666668,0.5472566666666668,1,0.39398534200000007,1,1,1673
1,1,0.006219,0.204,0.7761,0.7761,1,0.393985342,1,1,1674
1,1,0.029174,0.2266,0.7862,0.7862,1,0.393985342,1,1,1675
1,1,0.12846475000000002,0.3029,0.853275,0.853275,1,0.393985342,1,1,1676
1,1,0.09406099999999999,0.73784,0.9091799999999999,0.9091799999999999,1,0.39398534200000007,1,1,1677
1,1,0.0,0.7588,0.9082,0.9082,1,0.393985342,1,1,1678
1,1,0.0,0.7285,0.9084,0.9084,1,0.393985342,1,1,1679
1,1,0.0,0.75926,0.88886,0.88886,1,0.393985342,1,1,1680
1,1,0.0,0.7772,0.7571,0.7571,1,0.393985342,1,1,1681
1,1,0.008799,0.7819,0.6907,0.6907,1,0.393985342,1,1,1682
1,1,0.080996,0.789,0.6461,0.6461,1,0.393985342,1,1,1683
1,1,0.241773,0.774,0.5351,0.5351,1,0.393985342,1,1,1684
1,1,0.443867,0.7594,0.4921,0.4921,1,0.393985342,1,1,1685
1,1,0.592473,0.759,0.4203,0.4203,1,0.393985342,1,1,1686
1,1,0.7312540000000001,0.74455,0.2933,0.2933,1,0.393985342,1,1,1687
1,1,0.673709,0.63105,0.2163,0.2163,1,0.393985342,1,1,1688
1,1,0.506144,0.6666,0.1906,0.1906,1,0.393985342,1,1,1689
1,1,0.345023,0.6542,0.196,0.196,1,0.393985342,1,1,1690
1,1,0.175817,0.6062,0.2466,0.2466,1,0.393985342,1,1,1691
1,1,0.012152,0.595575,0.366275,0.366275,1,0.393985342,1,1,1692
1,1,0.0,0.613,0.4712,0.4712,1,0.393985342,1,1,1693
1,1,0.2502802666666667,0.4324133333333332,0.17492,0.17492,1,0.39398534199999996,1,1,1694
1,1,0.728672,0.2831,0.1808,0.1808,1,0.393985342,1,1,1695
1,1,0.579572,0.3097,0.2417,0.2417,1,0.393985342,1,1,1696
1,1,0.391754,0.3219,0.3285,0.3285,1,0.393985342,1,1,1697
1,1,0.184335,0.3111,0.3994,0.3994,1,0.393985342,1,1,1698
1,1,0.016069,0.38033333333333336,0.4689666666666667,0.4689666666666667,1,0.39398534199999996,1,1,1699
1,1,0.0,0.4716,0.5323,0.5323,1,0.393985342,1,1,1700
1,1,0.0,0.65658,0.7104000000000001,0.7104000000000001,1,0.393985342,1,1,1701
1,1,0.00219975,0.7428,0.506675,0.506675,1,0.393985342,1,1,1702
1,1,0.087043,0.7385,0.4132,0.4132,1,0.393985342,1,1,1703
1,1,0.254604,0.6415,0.3935,0.3935,1,0.393985342,1,1,1704
1,1,0.472596,0.6531,0.3668,0.3668,1,0.393985342,1,1,1705
1,1,0.657142,0.6577,0.2925,0.2925,1,0.393985342,1,1,1706
1,1,0.7691886666666666,0.6649666666666666,0.15653333333333333,0.15653333333333333,1,0.39398534199999996,1,1,1707
1,1,0.683043,0.5065,0.0873,0.0873,1,0.393985342,1,1,1708
1,1,0.545575,0.4927,0.0919,0.0919,1,0.393985342,1,1,1709
1,1,0.0405712,0.49361333333333335,0.19617333333333334,0.19617333333333334,1,0.39398534199999996,1,1,1710
1,1,0.100651,0.3128,0.239,0.239,1,0.393985342,1,1,1711
1,1,0.276109,0.3044,0.2353,0.2353,1,0.393985342,1,1,1712
1,1,0.46445,0.2069,0.225,0.225,1,0.393985342,1,1,1713
1,1,0.6425076,0.31954,0.21112000000000003,0.21112000000000003,1,0.393985342,1,1,1714
1,1,0.492438,0.4366,0.3276,0.3276,1,0.393985342,1,1,1715
1,1,0.345117,0.371,0.3992,0.3992,1,0.393985342,1,1,1716
1,1,0.170009,0.3285,0.4164,0.4164,1,0.393985342,1,1,1717
1,1,0.004398461538461539,0.3323461538461539,0.40504615384615383,0.40504615384615383,1,0.393985342,1,1,1718
1,1,0.109841,0.1549,0.3658,0.3658,1,0.393985342,1,1,1719
1,1,0.296451,0.0858,0.3532,0.3532,1,0.393985342,1,1,1720
1,1,0.512734,0.0443,0.3304,0.3304,1,0.393985342,1,1,1721
1,1,0.7609498,0.04736,0.2806,0.2806,1,0.393985342,1,1,1722
1,1,0.576676,0.0487,0.3076,0.3076,1,0.393985342,1,1,1723
1,1,0.387158,0.0478,0.3092,0.3092,1,0.393985342,1,1,1724
1,1,0.017184214285714285,0.09312857142857142,0.22062857142857142,0.22062857142857142,1,0.38112201850000005,1,1,1725
1,1,0.084814,0.0473,0.2058,0.2058,1,0.368258695,1,1,1726
1,1,0.25504,0.0485,0.2231,0.2231,1,0.368258695,1,1,1727
1,1,0.474748,0.0225,0.2408,0.2408,1,0.368258695,1,1,1728
1,1,0.664946,0.0107,0.2521,0.2521,1,0.368258695,1,1,1729
1,1,0.7861895,0.022275,0.21907499999999996,0.21907499999999996,1,0.368258695,1,1,1730
1,1,0.587544,0.0357,0.2251,0.2251,1,0.368258695,1,1,1731
1,1,0.391325,0.0598,0.2108,0.2108,1,0.368258695,1,1,1732
1,1,0.182346,0.0657,0.2027,0.2027,1,0.368258695,1,1,1733
1,1,0.004307153846153846,0.45339999999999997,0.14194615384615383,0.14194615384615383,1,0.368258695,1,1,1734
1,1,0.083417,0.5382,0.0872,0.0872,1,0.368258695,1,1,1735
1,1,0.250527,0.4525,0.0725,0.0725,1,0.368258695,1,1,1736
1,1,0.5520915,0.17559999999999998,0.06735,0.06735,1,0.368258695,1,1,1737
1,1,0.7232408,0.0949,0.09225999999999998,0.09225999999999998,1,0.368258695,1,1,1738
1,1,0.391861,0.1519,0.1509,0.1509,1,0.368258695,1,1,1739
1,1,0.182353,0.1972,0.1735,0.1735,1,0.368258695,1,1,1740
1,1,0.040572,0.3329,0.1898,0.1898,1,0.368258695,1,1,1741
1,1,0.0002,0.54825,0.22970000000000002,0.22970000000000002,1,0.368258695,1,1,1742
1,1,0.02873475,0.5573333333333333,0.19640833333333338,0.19640833333333338,1,0.368258695,1,1,1743
1,1,0.55223,0.08275,0.0553,0.0553,1,0.368258695,1,1,1744
1,1,0.73165925,0.069325,0.10417500000000002,0.10417500000000002,1,0.368258695,1,1,1745
1,1,0.504759,0.106,0.236,0.236,1,0.368258695,1,1,1746
1,1,0.316054,0.1663,0.266,0.266,1,0.368258695,1,1,1747
1,1,0.136488,0.3785,0.3277,0.3277,1,0.368258695,1,1,1748
1,1,0.010292666666666667,0.5488666666666666,0.4385666666666667,0.4385666666666667,1,0.368258695,1,1,1749
1,1,0.0,0.5141,0.5257,0.5257,1,0.368258695,1,1,1750
1,1,0.0,0.4393,0.5349,0.5349,1,0.368258695,1,1,1751
1,1,0.0197886,0.29527,0.40438999999999997,0.40438999999999997,1,0.3682586950000001,1,1,1752
1,1,0.26258,0.1096,0.2636,0.2636,1,0.368258695,1,1,1753
1,1,0.465019,0.20443333333333333,0.21531666666666668,0.21531666666666668,1,0.368258695,1,1,1754
1,1,0.31634,0.3256,0.2982,0.2982,1,0.368258695,1,1,1755
1,1,0.153961,0.3457,0.3291,0.3291,1,0.368258695,1,1,1756
1,1,0.003014307692307692,0.4556307692307693,0.2561076923076923,0.2561076923076923,1,0.368258695,1,1,1757
1,1,0.109712,0.3846,0.5269,0.5269,1,0.368258695,1,1,1758
1,1,0.301306,0.359,0.4681,0.4681,1,0.368258695,1,1,1759
1,1,0.512801,0.4135,0.391,0.391,1,0.368258695,1,1,1760
1,1,0.677148,0.3936,0.3321,0.3321,1,0.368258695,1,1,1761
1,1,0.7950426666666667,0.42336666666666667,0.22656666666666667,0.22656666666666667,1,0.368258695,1,1,1762
1,1,0.715664,0.4609,0.1412,0.1412,1,0.368258695,1,1,1763
1,1,0.576594,0.49,0.1385,0.1385,1,0.368258695,1,1,1764
1,1,0.390038,0.4587,0.1489,0.1489,1,0.368258695,1,1,1765
1,1,0.18213,0.4188,0.1451,0.1451,1,0.368258695,1,1,1766
1,1,0.008839071428571429,0.34565714285714283,0.12996428571428573,0.12996428571428573,1,0.368258695,1,1,1767
1,1,0.244401,0.0886,0.14,0.14,1,0.368258695,1,1,1768
1,1,0.466684,0.078,0.1163,0.1163,1,0.368258695,1,1,1769
1,1,0.664862,0.063,0.1026,0.1026,1,0.368258695,1,1,1770
1,1,0.7764914999999999,0.1143,0.063525,0.063525,1,0.368258695,1,1,1771
1,1,0.553889,0.2098,0.0746,0.0746,1,0.368258695,1,1,1772
1,1,0.34967,0.214,0.114,0.114,1,0.368258695,1,1,1773
1,1,0.151033,0.2244,0.1572,0.1572,1,0.368258695,1,1,1774
1,1,0.00655325,0.6228750000000001,0.31675,0.31675,1,0.368258695,1,1,1775
1,1,0.0,0.7453,0.4526,0.4526,1,0.368258695,1,1,1776
1,1,0.0,0.7882,0.5345,0.5345,1,0.368258695,1,1,1777
1,1,0.03584533333333333,0.8295333333333335,0.8306999999999999,0.8306999999999999,1,0.3682586950000001,1,1,1778
1,1,0.466207,0.8412,0.8946,0.8946,1,0.368258695,1,1,1779
1,1,0.629368,0.8247,0.8847,0.8847,1,0.368258695,1,1,1780
1,1,0.718605,0.7703,0.8746,0.8746,1,0.368258695,1,1,1781
1,1,0.7328806666666666,0.6398666666666667,0.8344333333333335,0.8344333333333335,1,0.368258695,1,1,1782
1,1,0.540177,0.53,0.8035,0.8035,1,0.368258695,1,1,1783
1,1,0.34401,0.4976,0.7869,0.7869,1,0.368258695,1,1,1784
1,1,0.145786,0.3818,0.7776,0.7776,1,0.368258695,1,1,1785
1,1,0.008794333333333333,0.3786,0.7584333333333334,0.7584333333333334,1,0.368258695,1,1,1786
1,1,0.0,0.4366,0.6832,0.6832,1,0.368258695,1,1,1787
1,1,0.0,0.3862,0.6117,0.6117,1,0.368258695,1,1,1788
1,1,0.009778777777777779,0.1378,0.2562999999999999,0.2562999999999999,1,0.3682586950000001,1,1,1789
1,1,0.363825,0.06905,0.05015,0.05015,1,0.368258695,1,1,1790
1,1,0.589172,0.0712,0.0419,0.0419,1,0.368258695,1,1,1791
1,1,0.7086025,0.10247500000000001,0.03585000000000001,0.03585000000000001,1,0.368258695,1,1,1792
1,1,0.506921,0.092,0.0408,0.0408,1,0.368258695,1,1,1793
1,1,0.332029,0.1805,0.0621,0.0621,1,0.368258695,1,1,1794
1,1,0.143644,0.2789,0.0902,0.0902,1,0.368258695,1,1,1795
1,1,0.027237,0.3662,0.1238,0.1238,1,0.368258695,1,1,1796
1,1,0.0,0.5415,0.16515000000000002,0.16515000000000002,1,0.368258695,1,1,1797
1,1,0.0,0.5766,0.185,0.185,1,0.368258695,1,1,1798
1,1,0.0050752,0.3901,0.13924999999999998,0.13924999999999998,1,0.3682586950000001,1,1,1799
1,1,0.169423,0.3136,0.2049,0.2049,1,0.368258695,1,1,1800
1,1,0.348871,0.2279,0.2507,0.2507,1,0.368258695,1,1,1801
1,1,0.536185,0.1485,0.2798,0.2798,1,0.368258695,1,1,1802
1,1,0.6928494999999999,0.20637499999999998,0.29669999999999996,0.29669999999999996,1,0.368258695,1,1,1803
1,1,0.486981,0.247,0.3123,0.3123,1,0.368258695,1,1,1804
1,1,0.29889,0.3283,0.3353,0.3353,1,0.368258695,1,1,1805
1,1,0.133791,0.4004,0.3608,0.3608,1,0.368258695,1,1,1806
1,1,0.006666666666666667,0.5091333333333333,0.3892,0.3892,1,0.368258695,1,1,1807
1,1,0.0,0.5441,0.4065,0.4065,1,0.368258695,1,1,1808
1,1,0.0117564,0.40668,0.32023999999999997,0.32023999999999997,1,0.3682586950000001,1,1,1809
1,1,0.15060800000000002,0.06582222222222221,0.40246666666666664,0.40246666666666664,1,0.3682586950000001,1,1,1810
1,1,0.026055184210526317,0.20472368421052628,0.479321052631579,0.479321052631579,1,0.36825869499999986,1,1,1811
1,1,0.075007,0.2577,0.4698,0.4698,1,0.368258695,1,1,1812
1,1,0.1894043333333333,0.27240000000000003,0.4354,0.4354,1,0.368258695,1,1,1813
1,1,0.264382,0.2531,0.3289,0.3289,1,0.368258695,1,1,1814
1,1,0.06460326315789473,0.22281578947368422,0.23230000000000003,0.23230000000000003,1,0.3682586949999999,1,1,1815
1,1,0.192735,0.1046,0.152,0.152,1,0.368258695,1,1,1816
1,1,0.391163,0.0643,0.1299,0.1299,1,0.368258695,1,1,1817
1,1,0.35555085714285717,0.03911428571428572,0.08377142857142858,0.08377142857142858,1,0.3682586950000001,1,1,1818
1,1,0.023224250000000002,0.20806875000000002,0.15066875,0.15066875,1,0.36825869499999997,1,1,1819
1,1,0.452352,0.2042,0.0724,0.0724,1,0.368258695,1,1,1820
1,1,0.633826,0.2728,0.0614,0.0614,1,0.368258695,1,1,1821
1,1,0.7680365,0.32230000000000003,0.06595,0.06595,1,0.368258695,1,1,1822
1,1,0.772908,0.475,0.0741,0.0741,1,0.368258695,1,1,1823
1,1,0.669042,0.4353,0.0876,0.0876,1,0.368258695,1,1,1824
1,1,0.512617,0.3922,0.1067,0.1067,1,0.368258695,1,1,1825
1,1,0.313821,0.2799,0.1172,0.1172,1,0.368258695,1,1,1826
1,1,0.119575,0.2433,0.1499,0.1499,1,0.368258695,1,1,1827
1,1,0.0012462307692307692,0.24609230769230772,0.24943846153846155,0.24943846153846155,1,0.368258695,1,1,1828
1,1,0.024402,0.2259,0.4149,0.4149,1,0.368258695,1,1,1829
1,1,0.06565649999999999,0.2387,0.5812999999999999,0.5812999999999999,1,0.368258695,1,1,1830
1,1,0.099134,0.3796,0.6809,0.6809,1,0.368258695,1,1,1831
1,1,0.143833,0.4235,0.7734,0.7734,1,0.368258695,1,1,1832
1,1,0.08441244444444444,0.5983333333333334,0.8826222222222222,0.8826222222222222,1,0.3682586950000001,1,1,1833
1,1,0.0,0.713,0.897,0.897,1,0.368258695,1,1,1834
1,1,0.0,0.78704,0.80578,0.80578,1,0.368258695,1,1,1835
1,1,0.0,0.8318666666666666,0.5291,0.5291,1,0.368258695,1,1,1836
1,1,0.0034,0.8294,0.4733,0.4733,1,0.368258695,1,1,1837
1,1,0.065903,0.8125,0.4178,0.4178,1,0.368258695,1,1,1838
1,1,0.220163,0.7882,0.3571,0.3571,1,0.368258695,1,1,1839
1,1,0.451678,0.7813,0.3199,0.3199,1,0.368258695,1,1,1840
1,1,0.649726,0.7784,0.2667,0.2667,1,0.368258695,1,1,1841
1,1,0.783893,0.7009,0.16079999999999997,0.16079999999999997,1,0.368258695,1,1,1842
1,1,0.683459,0.6016,0.1514,0.1514,1,0.368258695,1,1,1843
1,1,0.53191,0.6392,0.177,0.177,1,0.368258695,1,1,1844
1,1,0.318766,0.5739,0.2252,0.2252,1,0.368258695,1,1,1845
1,1,0.124798,0.5033,0.2767,0.2767,1,0.368258695,1,1,1846
1,1,0.005399666666666667,0.5459666666666667,0.39976666666666666,0.39976666666666666,1,0.368258695,1,1,1847
1,1,0.005203818181818182,0.5018909090909092,0.31482727272727273,0.31482727272727273,1,0.3682586950000001,1,1,1848
1,1,0.22234,0.3707,0.126,0.126,1,0.368258695,1,1,1849
1,1,0.426468,0.2158,0.1487,0.1487,1,0.368258695,1,1,1850
1,1,0.614581,0.1919,0.2087,0.2087,1,0.368258695,1,1,1851
1,1,0.7336779999999999,0.30073333333333335,0.30183333333333334,0.30183333333333334,1,0.368258695,1,1,1852
1,1,0.666056,0.421,0.3994,0.3994,1,0.368258695,1,1,1853
1,1,0.50419,0.4629,0.4294,0.4294,1,0.368258695,1,1,1854
1,1,0.29239,0.4401,0.4595,0.4595,1,0.368258695,1,1,1855
1,1,0.098779,0.365,0.4947,0.4947,1,0.368258695,1,1,1856
1,1,0.009204,0.4324,0.5588,0.5588,1,0.368258695,1,1,1857
1,1,0.0,0.62715,0.6825,0.6825,1,0.368258695,1,1,1858
1,1,0.0,0.6823,0.7293,0.7293,1,0.368258695,1,1,1859
1,1,0.03814869230769231,0.5052846153846152,0.7443076923076922,0.7443076923076922,1,0.368258695,1,1,1860
1,1,0.350698,0.5503,0.8195,0.8195,1,0.368258695,1,1,1861
1,1,0.432685,0.6192,0.7485,0.7485,1,0.368258695,1,1,1862
1,1,0.478063,0.5304500000000001,0.62555,0.62555,1,0.368258695,1,1,1863
1,1,0.381755,0.658,0.5543,0.5543,1,0.368258695,1,1,1864
1,1,0.240126,0.7076,0.5131,0.5131,1,0.368258695,1,1,1865
1,1,0.08463,0.66,0.4055,0.4055,1,0.368258695,1,1,1866
1,1,0.004300714285714285,0.59185,0.7007285714285713,0.7007285714285713,1,0.368258695,1,1,1867
1,1,0.22609,0.5004,0.7488,0.7488,1,0.368258695,1,1,1868
1,1,0.442437,0.3769,0.6866,0.6866,1,0.368258695,1,1,1869
1,1,0.646518,0.3653,0.6315,0.6315,1,0.368258695,1,1,1870
1,1,0.7595213333333334,0.2840666666666667,0.5261,0.5261,1,0.368258695,1,1,1871
1,1,0.640261,0.2423,0.4539,0.4539,1,0.368258695,1,1,1872
1,1,0.478194,0.2505,0.3693,0.3693,1,0.368258695,1,1,1873
1,1,0.286578,0.1754,0.312,0.312,1,0.368258695,1,1,1874
1,1,0.111004,0.1434,0.2792,0.2792,1,0.368258695,1,1,1875
1,1,0.004386285714285715,0.15998571428571431,0.1458714285714286,0.1458714285714286,1,0.368258695,1,1,1876
1,1,0.199383,0.375,0.0832,0.0832,1,0.368258695,1,1,1877
1,1,0.32520566666666667,0.4026,0.10223333333333334,0.10223333333333334,1,0.368258695,1,1,1878
1,1,0.2740876666666667,0.5679666666666666,0.13256666666666667,0.13256666666666667,1,0.368258695,1,1,1879
1,1,0.198105,0.4819,0.203,0.203,1,0.368258695,1,1,1880
1,1,0.124145,0.4643,0.2749,0.2749,1,0.368258695,1,1,1881
1,1,0.03697737500000001,0.5847525000000001,0.7967575000000001,0.7967575000000001,1,0.36825869499999986,1,1,1882
1,1,0.392004,0.5759,0.8562,0.8562,1,0.368258695,1,1,1883
1,1,0.569447,0.5764,0.8556,0.8556,1,0.368258695,1,1,1884
1,1,0.7190286666666665,0.588,0.7621333333333333,0.7621333333333333,1,0.368258695,1,1,1885
1,1,0.668594,0.5616,0.6639,0.6639,1,0.368258695,1,1,1886
1,1,0.52267,0.5256,0.6179,0.6179,1,0.368258695,1,1,1887
1,1,0.302884,0.4538,0.5446,0.5446,1,0.368258695,1,1,1888
1,1,0.104361,0.3501,0.5232,0.5232,1,0.368258695,1,1,1889
1,1,0.009998,0.3383,0.4905,0.4905,1,0.368258695,1,1,1890
1,1,0.0,0.4637,0.4132,0.4132,1,0.368258695,1,1,1891
1,1,0.0045825,0.4286166666666667,0.27399999999999997,0.27399999999999997,1,0.368258695,1,1,1892
1,1,0.3364575,0.0441,0.04875,0.04875,1,0.368258695,1,1,1893
1,1,0.652133,0.0209,0.0215,0.0215,1,0.368258695,1,1,1894
1,1,0.7836789999999999,0.05173333333333333,0.0121,0.0121,1,0.368258695,1,1,1895
1,1,0.6037805,0.16975,0.019549999999999998,0.019549999999999998,1,0.368258695,1,1,1896
1,1,0.06416436111111111,0.7181583333333335,0.7011694444444445,0.7011694444444445,1,0.36825869499999986,1,1,1897
1,1,0.0,0.772,0.3507,0.3507,1,0.368258695,1,1,1898
1,1,0.01566966666666667,0.7366999999999999,0.222,0.222,1,0.368258695,1,1,1899
1,1,0.1861,0.6472,0.2068,0.2068,1,0.368258695,1,1,1900
1,1,0.365978,0.6331,0.1899,0.1899,1,0.368258695,1,1,1901
1,1,0.57453,0.4823,0.153,0.153,1,0.368258695,1,1,1902
1,1,0.6914199999999999,0.38549999999999995,0.10719999999999999,0.10719999999999999,1,0.368258695,1,1,1903
1,1,0.672688,0.27,0.0667,0.0667,1,0.368258695,1,1,1904
1,1,0.56416,0.3008,0.0427,0.0427,1,0.368258695,1,1,1905
1,1,0.43626,0.2607,0.034,0.034,1,0.368258695,1,1,1906
1,1,0.25334,0.1524,0.0324,0.0324,1,0.368258695,1,1,1907
1,1,0.009125733333333334,0.20844000000000001,0.061119999999999994,0.061119999999999994,1,0.36825869499999997,1,1,1908
1,1,0.199304,0.2271,0.0489,0.0489,1,0.368258695,1,1,1909
1,1,0.423084,0.2617,0.0548,0.0548,1,0.368258695,1,1,1910
1,1,0.623249,0.2917,0.0638,0.0638,1,0.368258695,1,1,1911
1,1,0.748203,0.3164,0.0645,0.0645,1,0.368258695,1,1,1912
1,1,0.796343,0.4139,0.0776,0.0776,1,0.368258695,1,1,1913
1,1,0.759422,0.5109,0.0918,0.0918,1,0.368258695,1,1,1914
1,1,0.654862,0.5602,0.102,0.102,1,0.368258695,1,1,1915
1,1,0.479495,0.551,0.1133,0.1133,1,0.368258695,1,1,1916
1,1,0.259373,0.5335,0.1638,0.1638,1,0.368258695,1,1,1917
1,1,0.0081476,0.5841866666666667,0.23226,0.23226,1,0.36825869499999997,1,1,1918
1,1,0.185974,0.1946,0.0768,0.0768,1,0.368258695,1,1,1919
1,1,0.40378,0.0782,0.0498,0.0498,1,0.368258695,1,1,1920
1,1,0.6850914,0.01326,0.03256,0.03256,1,0.368258695,1,1,1921
1,1,0.450074,0.0107,0.0126,0.0126,1,0.368258695,1,1,1922
1,1,0.245032,0.0066,0.0108,0.0108,1,0.368258695,1,1,1923
1,1,0.017367124999999997,0.0931125,0.026212500000000003,0.026212500000000003,1,0.36825869499999997,1,1,1924
1,1,0.353341,0.1375,0.0524,0.0524,1,0.368258695,1,1,1925
1,1,0.6129758333333334,0.1466333333333333,0.05475,0.05475,1,0.368258695,1,1,1926
1,1,0.023398357142857144,0.37874285714285716,0.06772857142857142,0.06772857142857142,1,0.368258695,1,1,1927
1,1,0.000199,0.2933,0.0471,0.0471,1,0.368258695,1,1,1928
1,1,0.125327,0.2258,0.055333333333333325,0.055333333333333325,1,0.368258695,1,1,1929
1,1,0.5920795,0.11338333333333334,0.07814999999999998,0.07814999999999998,1,0.368258695,1,1,1930
1,1,0.05363084210526316,0.2719789473684211,0.14156842105263157,0.14156842105263157,1,0.3682586949999999,1,1,1931
1,1,0.5323272,0.06938,0.12588,0.12588,1,0.368258695,1,1,1932
1,1,0.022379411764705887,0.24020000000000005,0.12475882352941178,0.12475882352941178,1,0.36811478129411773,1,1,1933
1,1,0.40462000000000004,0.08564285714285715,0.03928571428571429,0.03928571428571429,1,0.36798685800000003,1,1,1934
1,1,0.06666075,0.339325,0.07344999999999999,0.07344999999999999,1,0.367986858,1,1,1935
1,1,0.0,0.6026,0.1363,0.1363,1,0.367986858,1,1,1936
1,1,0.0,0.50454,0.22999,0.22999,1,0.36798685800000003,1,1,1937
1,1,0.023157,0.4847,0.263,0.263,1,0.367986858,1,1,1938
1,1,0.098058,0.4953,0.2896,0.2896,1,0.367986858,1,1,1939
1,1,0.208739,0.4358,0.3168,0.3168,1,0.367986858,1,1,1940
1,1,0.3713685,0.3918,0.41457499999999997,0.41457499999999997,1,0.367986858,1,1,1941
1,1,0.232118,0.3239,0.5286,0.5286,1,0.367986858,1,1,1942
1,1,0.136101,0.3761,0.5334,0.5334,1,0.367986858,1,1,1943
1,1,0.031033599999999998,0.4199511111111111,0.8050911111111112,0.8050911111111112,1,0.367986858,1,1,1944
1,1,0.168961,0.7759,0.5992,0.5992,1,0.367986858,1,1,1945
1,1,0.146136,0.7127,0.4906,0.4906,1,0.367986858,1,1,1946
1,1,0.115351,0.6814,0.3998,0.3998,1,0.367986858,1,1,1947
1,1,0.026442785714285717,0.3625619047619048,0.24044047619047615,0.24044047619047615,1,0.36798685800000003,1,1,1948
1,1,0.1453065,0.36214999999999997,0.47855000000000003,0.47855000000000003,1,0.367986858,1,1,1949
1,1,0.15191,0.37585,0.63415,0.63415,1,0.367986858,1,1,1950
1,1,0.031243831578947365,0.31951578947368414,0.8455600000000004,0.8455600000000004,1,0.3679868579999994,1,1,1951
1,1,0.144098,0.2157,0.5457,0.5457,1,0.367986858,1,1,1952
1,1,0.021073555555555554,0.6829055555555557,0.882611111111111,0.882611111111111,1,0.36798685800000003,1,1,1953
1,1,0.151708,0.8438,0.9039,0.9039,1,0.367986858,1,1,1954
1,1,0.11736911538461539,0.8402000000000001,0.9021923076923076,0.9021923076923076,1,0.36798685800000003,1,1,1955
1,1,0.5533447499999999,0.78545,0.8016750000000001,0.8016750000000001,1,0.367986858,1,1,1956
1,1,0.365031,0.7969,0.7766,0.7766,1,0.367986858,1,1,1957
1,1,0.176575,0.8115,0.7511,0.7511,1,0.367986858,1,1,1958
1,1,0.0033056153846153843,0.6113076923076923,0.5977,0.5977,1,0.36798685800000003,1,1,1959
1,1,0.0,0.3095,0.5874,0.5874,1,0.367986858,1,1,1960
1,1,0.24108970000000002,0.17227,0.72314,0.72314,1,0.36798685800000003,1,1,1961
1,1,0.027515,0.1614,0.6276,0.6276,1,0.367986858,1,1,1962
1,1,0.0002005,0.29485,0.5587,0.5587,1,0.367986858,1,1,1963
1,1,0.0,0.4543,0.6198,0.6198,1,0.367986858,1,1,1964
1,1,0.0,0.5738,0.6996666666666667,0.6996666666666667,1,0.36798685800000003,1,1,1965
1,1,0.0150235,0.57055,0.5237499999999999,0.5237499999999999,1,0.367986858,1,1,1966
1,1,0.142408,0.495,0.4263,0.4263,1,0.367986858,1,1,1967
1,1,0.306479,0.3687,0.3435,0.3435,1,0.367986858,1,1,1968
1,1,0.47353475,0.166825,0.23672500000000002,0.23672500000000002,1,0.367986858,1,1,1969
1,1,0.357838,0.0954,0.3792,0.3792,1,0.367986858,1,1,1970
1,1,0.021162,0.4751882352941177,0.7901764705882351,0.7901764705882351,1,0.36798685800000003,1,1,1971
1,1,0.153374,0.8424,0.5575,0.5575,1,0.367986858,1,1,1972
1,1,0.316087,0.8417,0.5135,0.5135,1,0.367986858,1,1,1973
1,1,0.432519,0.8128,0.462,0.462,1,0.367986858,1,1,1974
1,1,0.5744286666666667,0.8359333333333333,0.3807333333333333,0.3807333333333333,1,0.3679868579999999,1,1,1975
1,1,0.485261,0.7979,0.3207,0.3207,1,0.367986858,1,1,1976
1,1,0.353686,0.8133,0.2736,0.2736,1,0.367986858,1,1,1977
1,1,0.168968,0.8005,0.2477,0.2477,1,0.367986858,1,1,1978
1,1,0.032804,0.8077,0.2432,0.2432,1,0.367986858,1,1,1979
1,1,0.0015147142857142857,0.6727285714285716,0.2575714285714286,0.2575714285714286,1,0.36798685800000003,1,1,1980
1,1,0.153338,0.51,0.1443,0.1443,1,0.367986858,1,1,1981
1,1,0.310012,0.5068,0.1438,0.1438,1,0.367986858,1,1,1982
1,1,0.5152725,0.45165,0.11427500000000002,0.11427500000000002,1,0.367986858,1,1,1983
1,1,0.370113,0.4308,0.096,0.096,1,0.367986858,1,1,1984
1,1,0.266468,0.3946,0.0979,0.0979,1,0.367986858,1,1,1985
1,1,0.00957425,0.38815,0.17136250000000003,0.17136250000000003,1,0.36798685800000003,1,1,1986
1,1,0.048782,0.1811,0.4558,0.4558,1,0.367986858,1,1,1987
1,1,0.130244,0.1327,0.4206,0.4206,1,0.367986858,1,1,1988
1,1,0.06285428571428571,0.4502885714285713,0.7548457142857141,0.7548457142857141,1,0.36798685800000003,1,1,1989
1,1,0.0,0.54,0.5688,0.5688,1,0.367986858,1,1,1990
1,1,0.055651797468354434,0.6183113924050634,0.7159151898734178,0.7159151898734178,1,0.36798685799999925,1,1,1991
1,1,0.0,0.6038,0.5079,0.5079,1,0.367986858,1,1,1992
1,1,0.0,0.5849,0.4988,0.4988,1,0.367986858,1,1,1993
1,1,0.014735,0.5781,0.4331,0.4331,1,0.367986858,1,1,1994
1,1,0.13002,0.4682,0.394,0.394,1,0.367986858,1,1,1995
1,1,0.310842,0.4038,0.3358,0.3358,1,0.367986858,1,1,1996
1,1,0.4427295,0.4169,0.25135,0.25135,1,0.367986858,1,1,1997
1,1,0.359966,0.3985,0.188,0.188,1,0.367986858,1,1,1998
1,1,0.232172,0.3611,0.1555,0.1555,1,0.367986858,1,1,1999
1,1,0.07725249999999999,0.21663928571428573,0.18654285714285715,0.18654285714285715,1,0.36798685800000003,1,1,2000
1,1,0.0,0.23055,0.43775,0.43775,1,0.367986858,1,1,2001
1,1,0.006065538461538462,0.4577,0.6992923076923077,0.6992923076923077,1,0.36798685800000003,1,1,2002
1,1,0.198949,0.3107,0.7739,0.7739,1,0.367986858,1,1,2003
1,1,0.08073419047619047,0.5074142857142857,0.7799,0.7799,1,0.36798685800000003,1,1,2004
1,1,0.132431,0.7522,0.7136,0.7136,1,0.367986858,1,1,2005
1,1,0.349276,0.7198,0.6893,0.6893,1,0.367986858,1,1,2006
1,1,0.562836,0.5505,0.635,0.635,1,0.367986858,1,1,2007
1,1,0.671659,0.4801,0.5957,0.5957,1,0.367986858,1,1,2008
1,1,0.6775789999999999,0.5,0.46255,0.46255,1,0.367986858,1,1,2009
1,1,0.50645,0.472,0.4076,0.4076,1,0.367986858,1,1,2010
1,1,0.331967,0.5162,0.4465,0.4465,1,0.367986858,1,1,2011
1,1,0.134183,0.5589,0.4028,0.4028,1,0.367986858,1,1,2012
1,1,0.0014268,0.6976466666666667,0.5229199999999999,0.5229199999999999,1,0.36798685800000003,1,1,2013
1,1,0.113943,0.4534,0.3845,0.3845,1,0.367986858,1,1,2014
1,1,0.334549,0.4964,0.387,0.387,1,0.367986858,1,1,2015
1,1,0.51199,0.3207,0.3656,0.3656,1,0.367986858,1,1,2016
1,1,0.6669586666666666,0.28919999999999996,0.3546,0.3546,1,0.3679868579999999,1,1,2017
1,1,0.513767,0.2202,0.4554,0.4554,1,0.367986858,1,1,2018
1,1,0.320498,0.1859,0.6012,0.6012,1,0.367986858,1,1,2019
1,1,0.015536666666666667,0.4802888888888888,0.8115222222222223,0.8115222222222223,1,0.36798685800000003,1,1,2020
1,1,0.0,0.6553249999999999,0.7297,0.7297,1,0.367986858,1,1,2021
1,1,0.0,0.5733,0.5791,0.5791,1,0.367986858,1,1,2022
1,1,0.0,0.3518,0.5099,0.5099,1,0.367986858,1,1,2023
1,1,0.008401,0.2798,0.4644,0.4644,1,0.367986858,1,1,2024
1,1,0.107614,0.2172,0.4419,0.4419,1,0.367986858,1,1,2025
1,1,0.308308,0.1722,0.4827,0.4827,1,0.367986858,1,1,2026
1,1,0.491644,0.1768,0.5941,0.5941,1,0.367986858,1,1,2027
1,1,0.596292,0.1874,0.669,0.669,1,0.367986858,1,1,2028
1,1,0.631987,0.232,0.7519,0.7519,1,0.367986858,1,1,2029
1,1,0.4702415,0.30495,0.8331500000000001,0.8331500000000001,1,0.367986858,1,1,2030
1,1,0.212254,0.3406,0.8907,0.8907,1,0.367986858,1,1,2031
1,1,0.01223,0.5399833333333334,0.9051333333333332,0.9051333333333332,1,0.36798685800000003,1,1,2032
1,1,0.0,0.5092,0.9053,0.9053,1,0.367986858,1,1,2033
1,1,0.0,0.621525,0.8764,0.8764,1,0.36798685800000003,1,1,2034
1,1,0.0064,0.7764,0.7298,0.7298,1,0.367986858,1,1,2035
1,1,0.104577,0.7614,0.768,0.768,1,0.367986858,1,1,2036
1,1,0.298283,0.7536,0.7668,0.7668,1,0.367986858,1,1,2037
1,1,0.466079,0.6746,0.7638,0.7638,1,0.367986858,1,1,2038
1,1,0.6221206666666667,0.8011,0.7887,0.7887,1,0.3679868579999999,1,1,2039
1,1,0.536748,0.8592,0.8513,0.8513,1,0.367986858,1,1,2040
1,1,0.339742,0.8609,0.8327,0.8327,1,0.367986858,1,1,2041
1,1,0.133121,0.8659,0.8239,0.8239,1,0.367986858,1,1,2042
1,1,0.0019084999999999998,0.83245,0.7581666666666665,0.7581666666666665,1,0.36798685800000003,1,1,2043
1,1,0.0,0.8173,0.7187,0.7187,1,0.367986858,1,1,2044
1,1,0.0,0.8116,0.659,0.659,1,0.367986858,1,1,2045
1,1,0.0,0.7381399999999999,0.44123999999999997,0.44123999999999997,1,0.367986858,1,1,2046
1,1,0.0,0.5284,0.3276,0.3276,1,0.367986858,1,1,2047
1,1,0.000201,0.4213,0.2808,0.2808,1,0.367986858,1,1,2048
1,1,0.054969,0.3051,0.2874,0.2874,1,0.367986858,1,1,2049
1,1,0.214517,0.2826,0.352,0.352,1,0.367986858,1,1,2050
1,1,0.397505,0.2706,0.5121,0.5121,1,0.367986858,1,1,2051
1,1,0.48942474999999996,0.301425,0.8697250000000001,0.8697250000000001,1,0.367986858,1,1,2052
1,1,0.270098,0.372,0.906,0.906,1,0.367986858,1,1,2053
1,1,0.015451142857142858,0.5954285714285713,0.9033571428571429,0.9033571428571429,1,0.36798685800000003,1,1,2054
1,1,0.0,0.544,0.86628,0.86628,1,0.367986858,1,1,2055
1,1,0.0,0.3419,0.7226,0.7226,1,0.367986858,1,1,2056
1,1,0.0,0.1988,0.525,0.525,1,0.367986858,1,1,2057
1,1,0.0,0.146,0.3444,0.3444,1,0.367986858,1,1,2058
1,1,0.003795,0.1641,0.2558,0.2558,1,0.367986858,1,1,2059
1,1,0.079839,0.1208,0.1867,0.1867,1,0.367986858,1,1,2060
1,1,0.24618,0.1302,0.1664,0.1664,1,0.367986858,1,1,2061
1,1,0.389029,0.1096,0.1813,0.1813,1,0.367986858,1,1,2062
1,1,0.4857,0.1278,0.23475,0.23475,1,0.367986858,1,1,2063
1,1,0.434328,0.1746,0.351,0.351,1,0.367986858,1,1,2064
1,1,0.312582,0.2035,0.4256,0.4256,1,0.367986858,1,1,2065
1,1,0.155225,0.2267,0.642,0.642,1,0.367986858,1,1,2066
1,1,0.00625675,0.33375,0.8368125000000001,0.8368125000000001,1,0.36798685800000003,1,1,2067
1,1,0.0,0.2608,0.8617,0.8617,1,0.367986858,1,1,2068
1,1,0.005058375,0.19655,0.7403375,0.7403375,1,0.36798685800000003,1,1,2069
1,1,0.170523,0.1337,0.6331,0.6331,1,0.367986858,1,1,2070
1,1,0.336346,0.1769,0.6289,0.6289,1,0.367986858,1,1,2071
1,1,0.480634,0.0939,0.5606,0.5606,1,0.367986858,1,1,2072
1,1,0.503621,0.031133333333333332,0.4782666666666667,0.4782666666666667,1,0.3679868579999999,1,1,2073
1,1,0.242946,0.043,0.4677,0.4677,1,0.367986858,1,1,2074
1,1,0.090207,0.0307,0.5176,0.5176,1,0.367986858,1,1,2075
1,1,0.0004333333333333333,0.06671666666666666,0.5461499999999999,0.5461499999999999,1,0.36798685800000003,1,1,2076
1,1,0.0,0.0504,0.4445,0.4445,1,0.367986858,1,1,2077
1,1,0.0243579375,0.46204999999999996,0.671603125,0.671603125,1,0.44073114100000016,1,1,2078
1,1,0.151318,0.7143,0.8129,0.8129,1,0.440731141,1,1,2079
1,1,0.45783066666666666,0.8590666666666666,0.8352333333333334,0.8352333333333334,1,0.44073114100000005,1,1,2080
1,1,0.011868588235294117,0.8184588235294119,0.7467529411764706,0.7467529411764706,1,0.4407311409999999,1,1,2081
1,1,0.32397733333333334,0.8065666666666668,0.8113333333333334,0.8113333333333334,1,0.44073114099999994,1,1,2082
1,1,0.33055166666666663,0.8345666666666668,0.5609666666666667,0.5609666666666667,1,0.44073114099999994,1,1,2083
1,1,0.180869,0.8541,0.4355,0.4355,1,0.440731141,1,1,2084
1,1,0.010584000000000001,0.8306166666666667,0.45603333333333335,0.45603333333333335,1,0.44073114100000005,1,1,2085
1,1,0.0,0.797,0.5776,0.5776,1,0.440731141,1,1,2086
1,1,0.0,0.7416,0.618,0.618,1,0.440731141,1,1,2087
1,1,0.09641582352941178,0.33688235294117647,0.3166352941176471,0.3166352941176471,1,0.4407311409999999,1,1,2088
1,1,0.000801,0.4928,0.7099,0.7099,1,0.440731141,1,1,2089
1,1,0.02767379487179487,0.6595743589743591,0.8389820512820513,0.8389820512820513,1,0.44073114100000016,1,1,2090
1,1,0.266179,0.7608,0.6223,0.6223,1,0.440731141,1,1,2091
1,1,0.458125,0.7881,0.6441,0.6441,1,0.440731141,1,1,2092
1,1,0.6403733333333333,0.8032333333333334,0.6436000000000001,0.6436000000000001,1,0.44073114099999994,1,1,2093
1,1,0.504887,0.8044,0.6335,0.6335,1,0.440731141,1,1,2094
1,1,0.325161,0.7802,0.6151,0.6151,1,0.440731141,1,1,2095
1,1,0.109453,0.7788,0.5853,0.5853,1,0.440731141,1,1,2096
1,1,0.002,0.755,0.64045,0.64045,1,0.440731141,1,1,2097
1,1,0.0004180909090909091,0.63,0.6620818181818181,0.6620818181818181,1,0.440731141,1,1,2098
1,1,0.094627,0.5311,0.5317,0.5317,1,0.440731141,1,1,2099
1,1,0.304214,0.4294,0.4846,0.4846,1,0.440731141,1,1,2100
1,1,0.493112,0.5285,0.4623,0.4623,1,0.440731141,1,1,2101
1,1,0.617684,0.43779999999999997,0.38034999999999997,0.38034999999999997,1,0.440731141,1,1,2102
1,1,0.561489,0.4043,0.2901,0.2901,1,0.440731141,1,1,2103
1,1,0.472798,0.3797,0.2212,0.2212,1,0.440731141,1,1,2104
1,1,0.289388,0.2819,0.1753,0.1753,1,0.440731141,1,1,2105
1,1,0.010238352941176471,0.2969117647058823,0.16841176470588232,0.16841176470588232,1,0.4407311409999999,1,1,2106
1,1,0.248917,0.4236,0.4583,0.4583,1,0.440731141,1,1,2107
1,1,0.423825,0.4357,0.5266,0.5266,1,0.440731141,1,1,2108
1,1,0.572891,0.368,0.61755,0.61755,1,0.440731141,1,1,2109
1,1,0.498955,0.3533,0.6739,0.6739,1,0.440731141,1,1,2110
1,1,0.351523,0.3096,0.6438,0.6438,1,0.440731141,1,1,2111
1,1,0.2023,0.3467,0.6716,0.6716,1,0.440731141,1,1,2112
1,1,0.061122,0.4384,0.7307,0.7307,1,0.440731141,1,1,2113
1,1,0.0040013125,0.562875,0.87803125,0.87803125,1,0.4407311409999999,1,1,2114
1,1,0.236011,0.4139,0.8653,0.8653,1,0.440731141,1,1,2115
1,1,0.403547,0.4448,0.79,0.79,1,0.440731141,1,1,2116
1,1,0.541197,0.562,0.6948,0.6948,1,0.440731141,1,1,2117
1,1,0.58966,0.7681,0.5814,0.5814,1,0.440731141,1,1,2118
1,1,0.571228,0.8146,0.4817,0.4817,1,0.440731141,1,1,2119
1,1,0.462333,0.7711,0.4408,0.4408,1,0.440731141,1,1,2120
1,1,0.291886,0.7571,0.4183,0.4183,1,0.440731141,1,1,2121
1,1,0.100566,0.7418,0.3717,0.3717,1,0.440731141,1,1,2122
1,1,0.0011661666666666667,0.6690666666666667,0.32503333333333334,0.32503333333333334,1,0.44073114100000005,1,1,2123
1,1,0.0,0.5675,0.3212,0.3212,1,0.440731141,1,1,2124
1,1,0.019191436363636363,0.45867636363636355,0.7163818181818183,0.7163818181818183,1,0.44073114100000027,1,1,2125
1,1,0.001003,0.3397,0.3726,0.3726,1,0.440731141,1,1,2126
1,1,0.030964,0.3689,0.3811,0.3811,1,0.440731141,1,1,2127
1,1,0.17215,0.351,0.4286,0.4286,1,0.440731141,1,1,2128
1,1,0.318756,0.2855,0.4868,0.4868,1,0.440731141,1,1,2129
1,1,0.512851,0.2499,0.46449999999999997,0.46449999999999997,1,0.44073114099999994,1,1,2130
1,1,0.431265,0.3509,0.4105,0.4105,1,0.440731141,1,1,2131
1,1,0.07860550000000001,0.36415000000000003,0.492525,0.492525,1,0.440731141,1,1,2132
1,1,0.0,0.5309,0.671,0.671,1,0.440731141,1,1,2133
1,1,0.0,0.5215500000000001,0.8200500000000001,0.8200500000000001,1,0.440731141,1,1,2134
1,1,0.0,0.4194833333333334,0.7776833333333334,0.7776833333333334,1,0.44073114100000005,1,1,2135
1,1,0.0,0.5027,0.7012,0.7012,1,0.440731141,1,1,2136
1,1,0.0022,0.592,0.6909,0.6909,1,0.440731141,1,1,2137
1,1,0.079707,0.6735,0.619,0.619,1,0.440731141,1,1,2138
1,1,0.273277,0.5845,0.5358,0.5358,1,0.440731141,1,1,2139
1,1,0.467186,0.4378,0.4472,0.4472,1,0.440731141,1,1,2140
1,1,0.594642,0.3778,0.3842,0.3842,1,0.440731141,1,1,2141
1,1,0.63029,0.3795,0.2954,0.2954,1,0.440731141,1,1,2142
1,1,0.574289,0.4092,0.2206,0.2206,1,0.440731141,1,1,2143
1,1,0.467891,0.4099,0.1658,0.1658,1,0.440731141,1,1,2144
1,1,0.287688,0.4046,0.1497,0.1497,1,0.440731141,1,1,2145
1,1,0.083732,0.3745,0.1304,0.1304,1,0.440731141,1,1,2146
1,1,0.0005333333333333334,0.38209999999999994,0.14566666666666667,0.14566666666666667,1,0.44073114100000005,1,1,2147
1,1,0.0,0.4533,0.1641,0.1641,1,0.440731141,1,1,2148
1,1,0.0048263333333333335,0.2084777777777778,0.14006666666666667,0.14006666666666667,1,0.44073114100000005,1,1,2149
1,1,0.214932,0.141,0.0351,0.0351,1,0.440731141,1,1,2150
1,1,0.40305,0.201,0.0288,0.0288,1,0.440731141,1,1,2151
1,1,0.5540619999999999,0.1534333333333333,0.039233333333333335,0.039233333333333335,1,0.44073114099999994,1,1,2152
1,1,0.444691,0.1832,0.0427,0.0427,1,0.440731141,1,1,2153
1,1,0.263666,0.1945,0.0676,0.0676,1,0.440731141,1,1,2154
1,1,0.00806029411764706,0.5202235294117648,0.47491764705882344,0.47491764705882344,1,0.4407311409999999,1,1,2155
1,1,0.230412,0.4434,0.5587,0.5587,1,0.440731141,1,1,2156
1,1,0.430257,0.3493,0.5464,0.5464,1,0.440731141,1,1,2157
1,1,0.5802066666666666,0.18183333333333332,0.5932666666666667,0.5932666666666667,1,0.44073114099999994,1,1,2158
1,1,0.432505,0.1531,0.5917,0.5917,1,0.440731141,1,1,2159
1,1,0.264342,0.1541,0.6153,0.6153,1,0.440731141,1,1,2160
1,1,0.08223,0.133,0.6794,0.6794,1,0.440731141,1,1,2161
1,1,0.00018564285714285715,0.34397142857142865,0.5839071428571428,0.5839071428571428,1,0.44073114099999994,1,1,2162
1,1,0.000198,0.4521,0.3302,0.3302,1,0.440731141,1,1,2163
1,1,0.13467600000000002,0.28890000000000005,0.2931,0.2931,1,0.440731141,1,1,2164
1,1,0.380363,0.2111,0.2854,0.2854,1,0.440731141,1,1,2165
1,1,0.47704500000000005,0.1655,0.2583,0.2583,1,0.440731141,1,1,2166
1,1,0.379573,0.2242,0.1982,0.1982,1,0.440731141,1,1,2167
1,1,0.03511881818181818,0.2280818181818182,0.2736545454545455,0.2736545454545455,1,0.440731141,1,1,2168
1,1,0.0,0.1444,0.5236,0.5236,1,0.440731141,1,1,2169
1,1,0.0,0.17454999999999998,0.728325,0.728325,1,0.440731141,1,1,2170
1,1,0.0,0.2526,0.8558,0.8558,1,0.440731141,1,1,2171
1,1,0.0002,0.317,0.8735,0.8735,1,0.440731141,1,1,2172
1,1,0.011051749999999997,0.6101041666666668,0.8667916666666665,0.8667916666666665,1,0.44073114100000005,1,1,2173
1,1,0.024477,0.7668,0.6665,0.6665,1,0.440731141,1,1,2174
1,1,0.112959,0.656,0.664,0.664,1,0.440731141,1,1,2175
1,1,0.29346799999999995,0.54692,0.6137400000000001,0.6137400000000001,1,0.440731141,1,1,2176
1,1,0.213725,0.4739,0.5583,0.5583,1,0.440731141,1,1,2177
1,1,0.024534,0.3644,0.5927000000000001,0.5927000000000001,1,0.44073114099999994,1,1,2178
1,1,0.0,0.28864999999999996,0.48875,0.48875,1,0.440731141,1,1,2179
1,1,0.0,0.2089,0.45395,0.45395,1,0.440731141,1,1,2180
1,1,0.0,0.2209,0.4597,0.4597,1,0.440731141,1,1,2181
1,1,0.0,0.13034285714285712,0.29841428571428574,0.29841428571428574,1,0.44073114100000005,1,1,2182
1,1,0.000399,0.3686,0.4762,0.4762,1,0.440731141,1,1,2183
1,1,0.048674720000000005,0.66562,0.8791159999999998,0.8791159999999998,1,0.44073114100000005,1,1,2184
1,1,0.48620460000000004,0.8214,0.8402000000000001,0.8402000000000001,1,0.440731141,1,1,2185
1,1,0.449175,0.7758,0.6691,0.6691,1,0.440731141,1,1,2186
1,1,0.268388,0.7192,0.5985,0.5985,1,0.440731141,1,1,2187
1,1,0.081343,0.6828,0.4382,0.4382,1,0.440731141,1,1,2188
1,1,0.004194,0.6331,0.3808,0.3808,1,0.440731141,1,1,2189
1,1,0.03452412820512821,0.1861333333333334,0.2272333333333333,0.2272333333333333,1,0.44073114100000016,1,1,2190
1,1,0.20831,0.1445,0.0758,0.0758,1,0.440731141,1,1,2191
1,1,0.05140293103448276,0.4634206896551724,0.6090379310344828,0.6090379310344828,1,0.4407311410000004,1,1,2192
1,1,0.001824625,0.5797125000000001,0.7151,0.7151,1,0.44073114100000005,1,1,2193
1,1,0.116962,0.3997,0.7234,0.7234,1,0.440731141,1,1,2194
1,1,0.310565,0.293,0.6929,0.6929,1,0.440731141,1,1,2195
1,1,0.39766833333333335,0.17,0.6949333333333333,0.6949333333333333,1,0.44073114099999994,1,1,2196
1,1,0.241501,0.1356,0.6708,0.6708,1,0.440731141,1,1,2197
1,1,0.04438133333333333,0.16506666666666667,0.6507333333333333,0.6507333333333333,1,0.44073114099999994,1,1,2198
1,1,0.0,0.28798,0.42200000000000004,0.42200000000000004,1,0.440731141,1,1,2199
1,1,0.0,0.2672333333333334,0.46713333333333334,0.46713333333333334,1,0.44073114099999994,1,1,2200
1,1,0.0,0.3862,0.6132500000000001,0.6132500000000001,1,0.440731141,1,1,2201
1,1,0.04660562068965517,0.5394896551724137,0.8639068965517241,0.8639068965517241,1,0.4407311410000001,1,1,2202
1,1,0.171974,0.7744,0.8734,0.8734,1,0.440731141,1,1,2203
1,1,0.37988,0.7021599999999999,0.85918,0.85918,1,0.440731141,1,1,2204
1,1,0.228148,0.7586,0.8483,0.8483,1,0.440731141,1,1,2205
1,1,0.0043094375,0.7596937500000001,0.6851812500000001,0.6851812500000001,1,0.4407311409999999,1,1,2206
1,1,0.004,0.5403,0.2615,0.2615,1,0.440731141,1,1,2207
1,1,0.051314,0.45299999999999996,0.1904,0.1904,1,0.440731141,1,1,2208
1,1,0.197073,0.4179,0.1863,0.1863,1,0.440731141,1,1,2209
1,1,0.265754,0.32,0.1919,0.1919,1,0.440731141,1,1,2210
1,1,0.051163375000000004,0.25288750000000004,0.20750000000000002,0.20750000000000002,1,0.44073114100000005,1,1,2211
1,1,0.0,0.4106,0.4449,0.4449,1,0.440731141,1,1,2212
1,1,0.0,0.4426,0.5439,0.5439,1,0.440731141,1,1,2213
1,1,0.0,0.6621,0.5859875,0.5859875,1,0.44073114100000005,1,1,2214
1,1,0.027085333333333336,0.7263666666666667,0.37956666666666666,0.37956666666666666,1,0.44073114099999994,1,1,2215
1,1,0.201364,0.7295,0.3207,0.3207,1,0.440731141,1,1,2216
1,1,0.1817255,0.75845,0.1918666666666667,0.1918666666666667,1,0.44073114100000005,1,1,2217
1,1,0.00013266666666666667,0.7012999999999999,0.1139,0.1139,1,0.44073114099999994,1,1,2218
1,1,0.0,0.33775000000000005,0.097625,0.097625,1,0.440731141,1,1,2219
1,1,0.0,0.31694285714285714,0.3634,0.3634,1,0.4442130335714286,1,1,2220
1,1,0.0,0.237,0.4754,0.4754,1,0.444793349,1,1,2221
1,1,0.053102666666666666,0.20526666666666663,0.5739666666666667,0.5739666666666667,1,0.444793349,1,1,2222
1,1,0.256118,0.1909,0.5664,0.5664,1,0.444793349,1,1,2223
1,1,0.24689400000000003,0.2421333333333333,0.42919999999999997,0.42919999999999997,1,0.444793349,1,1,2224
1,1,0.121187,0.3067,0.3728,0.3728,1,0.444793349,1,1,2225
1,1,0.03821,0.3073,0.4492,0.4492,1,0.444793349,1,1,2226
1,1,0.0006,0.4157,0.543,0.543,1,0.444793349,1,1,2227
1,1,0.001041,0.5720866666666667,0.8425933333333334,0.8425933333333334,1,0.44479334900000017,1,1,2228
1,1,0.19119599999999998,0.70495,0.8515999999999999,0.8515999999999999,1,0.444793349,1,1,2229
1,1,0.394194,0.6518999999999999,0.8530249999999999,0.8530249999999999,1,0.444793349,1,1,2230
1,1,0.183959,0.7364,0.8781,0.8781,1,0.444793349,1,1,2231
1,1,0.0040377647058823535,0.7894117647058823,0.851264705882353,0.851264705882353,1,0.44479334900000017,1,1,2232
1,1,0.13751,0.627,0.5454,0.5454,1,0.444793349,1,1,2233
1,1,0.314723,0.5046,0.4773,0.4773,1,0.444793349,1,1,2234
1,1,0.462553,0.4214,0.3809,0.3809,1,0.444793349,1,1,2235
1,1,0.5264960000000001,0.3715,0.28945,0.28945,1,0.444793349,1,1,2236
1,1,0.379957,0.3203,0.1747,0.1747,1,0.444793349,1,1,2237
1,1,0.231587,0.3067,0.1258,0.1258,1,0.444793349,1,1,2238
1,1,0.005185500000000001,0.28085714285714286,0.11283571428571429,0.11283571428571429,1,0.44479334900000017,1,1,2239
1,1,0.0,0.1052,0.217,0.217,1,0.444793349,1,1,2240
1,1,0.0,0.1059,0.3358,0.3358,1,0.444793349,1,1,2241
1,1,0.002611,0.1304,0.4797,0.4797,1,0.444793349,1,1,2242
1,1,0.07282755555555555,0.11357777777777775,0.6787888888888889,0.6787888888888889,1,0.4447933490000001,1,1,2243
1,1,0.0,0.1243,0.7424,0.7424,1,0.444793349,1,1,2244
1,1,0.0,0.2738,0.8001,0.8001,1,0.444793349,1,1,2245
1,1,0.0012779230769230769,0.5499076923076924,0.7594461538461537,0.7594461538461537,1,0.44479334900000017,1,1,2246
1,1,0.130448,0.2745,0.3333,0.3333,1,0.444793349,1,1,2247
1,1,0.278525,0.2438,0.3362,0.3362,1,0.444793349,1,1,2248
1,1,0.45599900000000004,0.21455000000000002,0.43320000000000003,0.43320000000000003,1,0.444793349,1,1,2249
1,1,0.460033,0.2138,0.5437,0.5437,1,0.444793349,1,1,2250
1,1,0.290839,0.1931,0.6249,0.6249,1,0.444793349,1,1,2251
1,1,0.119247,0.1591,0.6859,0.6859,1,0.444793349,1,1,2252
1,1,0.0023910588235294115,0.2670294117647059,0.742964705882353,0.742964705882353,1,0.44479334900000017,1,1,2253
1,1,0.3356523333333333,0.09898333333333333,0.17868333333333333,0.17868333333333333,1,0.44479334900000006,1,1,2254
1,1,0.215864,0.0598,0.3589,0.3589,1,0.444793349,1,1,2255
1,1,0.058592,0.0585,0.4095,0.4095,1,0.444793349,1,1,2256
1,1,0.001605,0.1186,0.4895,0.4895,1,0.444793349,1,1,2257
1,1,0.0,0.1678,0.58702,0.58702,1,0.44479334900000006,1,1,2258
1,1,0.0,0.2723375,0.4684499999999999,0.4684499999999999,1,0.4447933490000001,1,1,2259
1,1,0.028725666666666667,0.13963333333333333,0.3293333333333333,0.3293333333333333,1,0.444793349,1,1,2260
1,1,0.2829424,0.08937999999999999,0.24074,0.24074,1,0.44479334900000006,1,1,2261
1,1,0.07693849999999999,0.14834999999999998,0.32455,0.32455,1,0.444793349,1,1,2262
1,1,0.0006,0.2199,0.376,0.376,1,0.444793349,1,1,2263
1,1,0.0,0.3054,0.3646,0.3646,1,0.444793349,1,1,2264
1,1,0.0,0.4736,0.3358,0.3358,1,0.444793349,1,1,2265
1,1,0.0,0.4081666666666666,0.27676666666666666,0.27676666666666666,1,0.444793349,1,1,2266
1,1,0.0,0.4693,0.3324,0.3324,1,0.444793349,1,1,2267
1,1,0.0,0.48387142857142856,0.45167142857142856,0.45167142857142856,1,0.4447933490000001,1,1,2268
1,1,0.0,0.4212,0.5899,0.5899,1,0.444793349,1,1,2269
1,1,0.016205,0.3731,0.6052,0.6052,1,0.444793349,1,1,2270
1,1,0.136887,0.3177,0.5817,0.5817,1,0.444793349,1,1,2271
1,1,0.31678,0.2916,0.5619,0.5619,1,0.444793349,1,1,2272
1,1,0.476481,0.2926,0.538,0.538,1,0.444793349,1,1,2273
1,1,0.5569385,0.31279999999999997,0.49554999999999993,0.49554999999999993,1,0.444793349,1,1,2274
1,1,0.398276,0.3522,0.4626,0.4626,1,0.444793349,1,1,2275
1,1,0.234503,0.3468,0.4512,0.4512,1,0.444793349,1,1,2276
1,1,0.071406,0.3841,0.48,0.48,1,0.444793349,1,1,2277
1,1,0.001399,0.4113,0.5466,0.5466,1,0.444793349,1,1,2278
1,1,0.0,0.4699999999999999,0.67206,0.67206,1,0.44479334900000006,1,1,2279
1,1,0.0,0.4264,0.7398,0.7398,1,0.444793349,1,1,2280
1,1,0.0013325555555555556,0.5340777777777777,0.7167555555555556,0.7167555555555556,1,0.4447933490000001,1,1,2281
1,1,0.120731,0.6446,0.6644,0.6644,1,0.444793349,1,1,2282
1,1,0.259643,0.6501,0.6722,0.6722,1,0.444793349,1,1,2283
1,1,0.424728,0.6238,0.625,0.625,1,0.444793349,1,1,2284
1,1,0.493259,0.66435,0.54385,0.54385,1,0.444793349,1,1,2285
1,1,0.399333,0.663,0.4896,0.4896,1,0.444793349,1,1,2286
1,1,0.217278,0.6684,0.4737,0.4737,1,0.444793349,1,1,2287
1,1,0.058219,0.6832,0.4556,0.4556,1,0.444793349,1,1,2288
1,1,7.715384615384615e-5,0.6881923076923078,0.47219999999999995,0.47219999999999995,1,0.44479334900000017,1,1,2289
1,1,0.0,0.7286,0.3098,0.3098,1,0.444793349,1,1,2290
1,1,0.0,0.7122,0.2901,0.2901,1,0.444793349,1,1,2291
1,1,0.012602,0.6612,0.2579,0.2579,1,0.444793349,1,1,2292
1,1,0.122068,0.6447,0.2365,0.2365,1,0.444793349,1,1,2293
1,1,0.254942,0.581,0.2251,0.2251,1,0.444793349,1,1,2294
1,1,0.373417,0.5279,0.1923,0.1923,1,0.444793349,1,1,2295
1,1,0.468295,0.5128,0.1518,0.1518,1,0.444793349,1,1,2296
1,1,0.329191,0.5284,0.1111,0.1111,1,0.444793349,1,1,2297
1,1,0.171188,0.4517,0.1065,0.1065,1,0.444793349,1,1,2298
1,1,0.00459125,0.4597,0.13285000000000002,0.13285000000000002,1,0.4447933490000001,1,1,2299
1,1,0.0,0.3233,0.2344,0.2344,1,0.444793349,1,1,2300
1,1,0.0,0.3263666666666667,0.5829166666666666,0.5829166666666666,1,0.44479334900000006,1,1,2301
1,1,0.0,0.2856,0.7603,0.7603,1,0.444793349,1,1,2302
1,1,0.034600291666666665,0.3914916666666666,0.8405625000000002,0.8405625000000002,1,0.44479334899999995,1,1,2303
1,1,0.013607,0.7334,0.5572,0.5572,1,0.444793349,1,1,2304
1,1,0.128577,0.7814,0.51,0.51,1,0.444793349,1,1,2305
1,1,0.309636,0.7353,0.4597,0.4597,1,0.444793349,1,1,2306
1,1,0.47460366666666665,0.6174,0.4362,0.4362,1,0.444793349,1,1,2307
1,1,0.339744,0.695,0.3918,0.3918,1,0.444793349,1,1,2308
1,1,0.186549,0.7377,0.3833,0.3833,1,0.444793349,1,1,2309
1,1,0.0037293529411764705,0.6779000000000001,0.3033411764705883,0.3033411764705883,1,0.44479334900000017,1,1,2310
1,1,0.055572,0.4835,0.1377,0.1377,1,0.444793349,1,1,2311
1,1,0.03494708333333333,0.3057458333333334,0.11159166666666669,0.11159166666666669,1,0.44479334899999995,1,1,2312
1,1,0.185899,0.223,0.2053,0.2053,1,0.444793349,1,1,2313
1,1,0.26471,0.2997,0.2619,0.2619,1,0.444793349,1,1,2314
1,1,0.354803,0.3966,0.4055,0.4055,1,0.444793349,1,1,2315
1,1,0.357371,0.5538,0.5445,0.5445,1,0.444793349,1,1,2316
1,1,0.2083405,0.61225,0.6452,0.6452,1,0.444793349,1,1,2317
1,1,0.050381,0.5269,0.6944,0.6944,1,0.444793349,1,1,2318
1,1,0.0002671666666666667,0.5051333333333333,0.8001333333333333,0.8001333333333333,1,0.44479334900000006,1,1,2319
1,1,0.0,0.5537,0.7823,0.7823,1,0.444793349,1,1,2320
1,1,0.0012897777777777777,0.7169666666666668,0.6621666666666667,0.6621666666666667,1,0.4447933490000001,1,1,2321
1,1,0.11714,0.636,0.5782,0.5782,1,0.444793349,1,1,2322
1,1,0.250896,0.5168,0.5912,0.5912,1,0.444793349,1,1,2323
1,1,0.4904743333333334,0.49466666666666664,0.5367666666666667,0.5367666666666667,1,0.444793349,1,1,2324
1,1,0.408326,0.4461,0.5813,0.5813,1,0.444793349,1,1,2325
1,1,0.253617,0.4804,0.6588,0.6588,1,0.444793349,1,1,2326
1,1,0.073969,0.4513,0.6624,0.6624,1,0.444793349,1,1,2327
1,1,0.00011414285714285714,0.5545571428571429,0.6699785714285714,0.6699785714285714,1,0.44479334900000017,1,1,2328
1,1,0.0055025,0.36615,0.2467,0.2467,1,0.444793349,1,1,2329
1,1,0.125843,0.2907,0.1605,0.1605,1,0.444793349,1,1,2330
1,1,0.310009,0.227,0.1035,0.1035,1,0.444793349,1,1,2331
1,1,0.5107196666666667,0.11776666666666667,0.05223333333333333,0.05223333333333333,1,0.444793349,1,1,2332
1,1,0.375654,0.1136,0.047,0.047,1,0.444793349,1,1,2333
1,1,0.222518,0.0882,0.0601,0.0601,1,0.444793349,1,1,2334
1,1,0.047837,0.1026,0.0752,0.0752,1,0.444793349,1,1,2335
1,1,0.001602,0.172,0.099,0.099,1,0.444793349,1,1,2336
1,1,0.0,0.22375,0.29073333333333334,0.29073333333333334,1,0.44479334900000006,1,1,2337
1,1,0.0,0.3759,0.4904,0.4904,1,0.444793349,1,1,2338
1,1,0.0,0.50105,0.6665333333333333,0.6665333333333333,1,0.44479334900000006,1,1,2339
1,1,0.0,0.5284,0.5425,0.5425,1,0.444793349,1,1,2340
1,1,0.006816,0.5485,0.4504,0.4504,1,0.444793349,1,1,2341
1,1,0.058613,0.465,0.3794,0.3794,1,0.444793349,1,1,2342
1,1,0.117976,0.382,0.3412,0.3412,1,0.444793349,1,1,2343
1,1,0.267855,0.3379,0.3255,0.3255,1,0.444793349,1,1,2344
1,1,0.3992285,0.2874,0.24195,0.24195,1,0.444793349,1,1,2345
1,1,0.331995,0.2018,0.1912,0.1912,1,0.444793349,1,1,2346
1,1,0.192525,0.1905,0.1889,0.1889,1,0.444793349,1,1,2347
1,1,0.057582,0.1891,0.2299,0.2299,1,0.444793349,1,1,2348
1,1,0.0016,0.2597,0.3239,0.3239,1,0.444793349,1,1,2349
1,1,0.0,0.3002,0.5153,0.5153,1,0.444793349,1,1,2350
1,1,0.006589800000000001,0.48909333333333327,0.8610066666666666,0.8610066666666666,1,0.44479334900000017,1,1,2351
1,1,0.22882639999999999,0.14663999999999996,0.77866,0.77866,1,0.44479334900000006,1,1,2352
1,1,0.01832377777777778,0.07981111111111111,0.6778777777777777,0.6778777777777777,1,0.4447933490000001,1,1,2353
1,1,0.0,0.155375,0.7200874999999999,0.7200874999999999,1,0.4447933490000001,1,1,2354
1,1,0.012389,0.1997,0.591,0.591,1,0.444793349,1,1,2355
1,1,0.104278,0.1754,0.493,0.493,1,0.444793349,1,1,2356
1,1,0.302724,0.1578,0.3841,0.3841,1,0.444793349,1,1,2357
1,1,0.3542366,0.12918000000000002,0.18051999999999999,0.18051999999999999,1,0.44479334900000006,1,1,2358
1,1,0.0038231764705882352,0.0909235294117647,0.07755294117647056,0.07755294117647056,1,0.44479334900000017,1,1,2359
1,1,0.17373066666666667,0.11898333333333333,0.19748333333333332,0.19748333333333332,1,0.44479334900000006,1,1,2360
1,1,0.087947,0.1697,0.3327,0.3327,1,0.444793349,1,1,2361
1,1,0.014560595238095239,0.6402904761904761,0.846511904761905,0.846511904761905,1,0.44479334899999995,1,1,2362
1,1,0.3869938333333333,0.8352833333333334,0.8861333333333333,0.8861333333333333,1,0.44479334900000006,1,1,2363
1,1,0.011767,0.7446571428571429,0.7860428571428573,0.7860428571428573,1,0.4447933490000001,1,1,2364
1,1,0.0,0.6973,0.5731,0.5731,1,0.444793349,1,1,2365
1,1,0.0,0.6751499999999999,0.4264,0.4264,1,0.444793349,1,1,2366
1,1,0.0,0.586,0.21786666666666665,0.21786666666666665,1,0.444793349,1,1,2367
1,1,0.009686,0.32058000000000003,0.10224,0.10224,1,0.44479334900000006,1,1,2368
1,1,0.18413675,0.07242499999999999,0.107475,0.107475,1,0.444793349,1,1,2369
1,1,0.156023,0.0466,0.2483,0.2483,1,0.444793349,1,1,2370
1,1,0.0634,0.06025,0.35875,0.35875,1,0.444793349,1,1,2371
1,1,0.001001,0.1103,0.4363,0.4363,1,0.444793349,1,1,2372
1,1,0.0,0.1406,0.6122666666666667,0.6122666666666667,1,0.444793349,1,1,2373
1,1,0.007995513513513514,0.3829297297297297,0.8156297297297297,0.8156297297297297,1,0.4447933489999998,1,1,2374
1,1,0.28740066666666664,0.8498166666666668,0.8347000000000001,0.8347000000000001,1,0.44479334900000006,1,1,2375
1,1,0.010409333333333333,0.8447,0.7313166666666667,0.7313166666666667,1,0.44479334900000006,1,1,2376
1,1,0.0,0.81145,0.5158499999999999,0.5158499999999999,1,0.444793349,1,1,2377
1,1,0.0,0.7957,0.4568,0.4568,1,0.444793349,1,1,2378
