Qt_Data_Points,Max_Rel_TimeStep
8587,7
