Cost_of_Demand_Curtailment_per_MW,Demand_Segment,Max_Demand_Curtailment,Rep_Periods,Sub_Weights,Timesteps_per_Rep_Period,Voll,Time_Index,Demand_MW_z1,Rep_Period,START_SUBPERIODS,INTERIOR_SUBPERIODS,Rel_TimeStep
1.0,1.0,1.0,1.0,8736.0,8736.0,50000.0,1,11801.35,1,1,0,1
,,,,,,,2,10988.514142857142,1,0,1,7
,,,,,,,3,12134.854,1,0,1,1
,,,,,,,4,12702.451,1,0,1,1
,,,,,,,5,13117.308,1,0,1,1
,,,,,,,6,13342.26,1,0,1,1
,,,,,,,7,13433.235,1,0,1,1
,,,,,,,8,13281.48,1,0,1,1
,,,,,,,9,13173.947,1,0,1,1
,,,,,,,10,13249.266,1,0,1,1
,,,,,,,11,14281.52,1,0,1,1
,,,,,,,12,15391.731,1,0,1,1
,,,,,,,13,14714.739,1,0,1,4
,,,,,,,14,12669.7665,1,0,1,2
,,,,,,,15,11323.100333333336,1,0,1,3
,,,,,,,16,11463.359000000002,1,0,1,3
,,,,,,,17,12666.331,1,0,1,1
,,,,,,,18,13289.303,1,0,1,1
,,,,,,,19,14015.765,1,0,1,1
,,,,,,,20,14693.296,1,0,1,1
,,,,,,,21,15103.204,1,0,1,1
,,,,,,,22,15193.628,1,0,1,2
,,,,,,,23,15034.923,1,0,1,1
,,,,,,,24,15018.2555,1,0,1,2
,,,,,,,25,16105.128,1,0,1,1
,,,,,,,26,17003.63,1,0,1,1
,,,,,,,27,16467.436999999998,1,0,1,2
,,,,,,,28,15503.323,1,0,1,1
,,,,,,,29,14448.368,1,0,1,1
,,,,,,,30,13157.041,1,0,1,1
,,,,,,,31,12027.134,1,0,1,1
,,,,,,,32,11304.673,1,0,1,1
,,,,,,,33,10842.900749999999,1,0,1,4
,,,,,,,34,12161.982,1,0,1,1
,,,,,,,35,13998.187,1,0,1,1
,,,,,,,36,15649.243999999999,1,0,1,9
,,,,,,,37,17031.0995,1,0,1,2
,,,,,,,38,17105.633,1,0,1,1
,,,,,,,39,16561.73,1,0,1,1
,,,,,,,40,15780.501,1,0,1,1
,,,,,,,41,14633.199,1,0,1,1
,,,,,,,42,13258.515,1,0,1,1
,,,,,,,43,12057.303,1,0,1,1
,,,,,,,44,10890.8864,1,0,1,5
,,,,,,,45,12036.436,1,0,1,1
,,,,,,,46,13818.937,1,0,1,1
,,,,,,,47,14838.196,1,0,1,1
,,,,,,,48,15056.122,1,0,1,1
,,,,,,,49,15148.3132,1,0,1,5
,,,,,,,50,14927.4465,1,0,1,2
,,,,,,,51,15794.044,1,0,1,1
,,,,,,,52,16634.917666666668,1,0,1,3
,,,,,,,53,15313.5475,1,0,1,2
,,,,,,,54,13569.037,1,0,1,1
,,,,,,,55,12523.093,1,0,1,1
,,,,,,,56,11883.383833333333,1,0,1,6
,,,,,,,57,14996.88,1,0,1,1
,,,,,,,58,16018.355,1,0,1,1
,,,,,,,59,16152.103,1,0,1,1
,,,,,,,60,16199.757,1,0,1,1
,,,,,,,61,16245.4,1,0,1,2
,,,,,,,62,16137.529,1,0,1,1
,,,,,,,63,16017.462,1,0,1,1
,,,,,,,64,15860.502,1,0,1,1
,,,,,,,65,15987.11,1,0,1,1
,,,,,,,66,16888.611,1,0,1,1
,,,,,,,67,17450.78775,1,0,1,4
,,,,,,,68,15707.211,1,0,1,1
,,,,,,,69,14363.991,1,0,1,1
,,,,,,,70,13185.771,1,0,1,1
,,,,,,,71,12223.200499999999,1,0,1,2
,,,,,,,72,11823.261,1,0,1,1
,,,,,,,73,11848.412,1,0,1,1
,,,,,,,74,12191.338,1,0,1,1
,,,,,,,75,13193.054,1,0,1,1
,,,,,,,76,14916.579,1,0,1,1
,,,,,,,77,16165.082999999999,1,0,1,2
,,,,,,,78,16456.889,1,0,1,1
,,,,,,,79,16314.944749999999,1,0,1,4
,,,,,,,80,15966.32,1,0,1,2
,,,,,,,81,16731.527,1,0,1,1
,,,,,,,82,17284.421333333335,1,0,1,3
,,,,,,,83,16359.159,1,0,1,1
,,,,,,,84,15621.136,1,0,1,1
,,,,,,,85,14618.254,1,0,1,1
,,,,,,,86,13018.830333333333,1,0,1,3
,,,,,,,87,12302.525,1,0,1,1
,,,,,,,88,12326.3295,1,0,1,2
,,,,,,,89,12806.177,1,0,1,1
,,,,,,,90,13956.109,1,0,1,2
,,,,,,,91,15279.652,1,0,1,1
,,,,,,,92,15952.246,1,0,1,1
,,,,,,,93,16520.783000000003,1,0,1,2
,,,,,,,94,16769.9455,1,0,1,4
,,,,,,,95,17542.648,1,0,1,1
,,,,,,,96,17937.096999999998,1,0,1,3
,,,,,,,97,16799.012,1,0,1,1
,,,,,,,98,15958.509,1,0,1,1
,,,,,,,99,14944.06,1,0,1,1
,,,,,,,100,13966.832,1,0,1,1
,,,,,,,101,12786.51625,1,0,1,4
,,,,,,,102,12860.635,1,0,1,2
,,,,,,,103,13960.7455,1,0,1,2
,,,,,,,104,15066.586,1,0,1,1
,,,,,,,105,15977.393600000001,1,0,1,5
,,,,,,,106,15890.515,1,0,1,1
,,,,,,,107,16080.561,1,0,1,1
,,,,,,,108,17648.492,1,0,1,2
,,,,,,,109,17644.159,1,0,1,3
,,,,,,,110,16172.57,1,0,1,1
,,,,,,,111,15029.267,1,0,1,1
,,,,,,,112,13521.127250000001,1,0,1,4
,,,,,,,113,13561.007,1,0,1,2
,,,,,,,114,14937.591,1,0,1,1
,,,,,,,115,16905.501,1,0,1,1
,,,,,,,116,17972.52,1,0,1,1
,,,,,,,117,18125.021,1,0,1,1
,,,,,,,118,18170.476,1,0,1,1
,,,,,,,119,18157.015,1,0,1,1
,,,,,,,120,18037.474,1,0,1,1
,,,,,,,121,17807.34,1,0,1,1
,,,,,,,122,17660.39,1,0,1,1
,,,,,,,123,17492.375,1,0,1,1
,,,,,,,124,17518.322,1,0,1,1
,,,,,,,125,18212.007,1,0,1,1
,,,,,,,126,19304.508,1,0,1,1
,,,,,,,127,19268.092,1,0,1,1
,,,,,,,128,18859.106,1,0,1,1
,,,,,,,129,18203.666,1,0,1,1
,,,,,,,130,17099.833,1,0,1,1
,,,,,,,131,15762.604,1,0,1,1
,,,,,,,132,14608.002,1,0,1,1
,,,,,,,133,13922.003,1,0,1,1
,,,,,,,134,13541.916,1,0,1,1
,,,,,,,135,13386.448,1,0,1,1
,,,,,,,136,14078.740333333333,1,0,1,3
,,,,,,,137,17223.505,1,0,1,2
,,,,,,,138,17809.797,1,0,1,1
,,,,,,,139,17766.606,1,0,1,1
,,,,,,,140,17632.715,1,0,1,1
,,,,,,,141,17418.922,1,0,1,1
,,,,,,,142,17066.105,1,0,1,1
,,,,,,,143,16777.276,1,0,1,1
,,,,,,,144,16543.142,1,0,1,1
,,,,,,,145,16567.201,1,0,1,1
,,,,,,,146,17340.209,1,0,1,1
,,,,,,,147,18195.17,1,0,1,1
,,,,,,,148,17693.2755,1,0,1,2
,,,,,,,149,16675.34,1,0,1,1
,,,,,,,150,15485.106,1,0,1,1
,,,,,,,151,14110.475,1,0,1,1
,,,,,,,152,11848.71657142857,1,0,1,7
,,,,,,,153,14229.299,1,0,1,1
,,,,,,,154,15223.992,1,0,1,1
,,,,,,,155,15229.193,1,0,1,1
,,,,,,,156,15127.122,1,0,1,1
,,,,,,,157,15112.33,1,0,1,1
,,,,,,,158,15040.854,1,0,1,1
,,,,,,,159,14885.961,1,0,1,1
,,,,,,,160,14740.763,1,0,1,1
,,,,,,,161,14598.051,1,0,1,1
,,,,,,,162,14634.269,1,0,1,1
,,,,,,,163,15412.637,1,0,1,1
,,,,,,,164,16426.608500000002,1,0,1,2
,,,,,,,165,15992.594,1,0,1,1
,,,,,,,166,15362.154,1,0,1,1
,,,,,,,167,14349.346,1,0,1,1
,,,,,,,168,13007.531,1,0,1,1
,,,,,,,169,11869.632,1,0,1,1
,,,,,,,170,10721.334200000001,1,0,1,5
,,,,,,,171,11768.575,1,0,1,1
,,,,,,,172,14081.485499999999,1,0,1,2
,,,,,,,173,14755.877,1,0,1,1
,,,,,,,174,14844.337,1,0,1,1
,,,,,,,175,14848.844333333333,1,0,1,3
,,,,,,,176,14629.768,1,0,1,2
,,,,,,,177,15321.835166666666,1,0,1,6
,,,,,,,178,13747.386,1,0,1,1
,,,,,,,179,12484.481,1,0,1,1
,,,,,,,180,11351.879,1,0,1,1
,,,,,,,181,10213.776800000001,1,0,1,5
,,,,,,,182,11339.411,1,0,1,1
,,,,,,,183,13190.826,1,0,1,1
,,,,,,,184,14266.199,1,0,1,1
,,,,,,,185,14514.225,1,0,1,1
,,,,,,,186,14663.01,1,0,1,1
,,,,,,,187,14860.387999999999,1,0,1,2
,,,,,,,188,14760.282,1,0,1,1
,,,,,,,189,14655.204,1,0,1,1
,,,,,,,190,14564.915,1,0,1,1
,,,,,,,191,14659.314,1,0,1,1
,,,,,,,192,15386.746,1,0,1,1
,,,,,,,193,16425.974,1,0,1,1
,,,,,,,194,16343.162,1,0,1,1
,,,,,,,195,15998.376,1,0,1,1
,,,,,,,196,15205.773000000001,1,0,1,2
,,,,,,,197,13937.881,1,0,1,1
,,,,,,,198,13013.883,1,0,1,1
,,,,,,,199,12324.374,1,0,1,1
,,,,,,,200,11825.561333333333,1,0,1,3
,,,,,,,201,11924.123,1,0,1,1
,,,,,,,202,12843.3335,1,0,1,2
,,,,,,,203,14104.629,1,0,1,1
,,,,,,,204,14938.683,1,0,1,1
,,,,,,,205,15499.363,1,0,1,1
,,,,,,,206,15693.697,1,0,1,1
,,,,,,,207,15480.8445,1,0,1,2
,,,,,,,208,15150.671,1,0,1,1
,,,,,,,209,15072.633,1,0,1,1
,,,,,,,210,15205.165,1,0,1,1
,,,,,,,211,15946.414,1,0,1,1
,,,,,,,212,16700.762,1,0,1,1
,,,,,,,213,16518.452,1,0,1,1
,,,,,,,214,15793.917000000001,1,0,1,2
,,,,,,,215,14799.786,1,0,1,1
,,,,,,,216,13965.411,1,0,1,1
,,,,,,,217,13106.058,1,0,1,1
,,,,,,,218,11792.64675,1,0,1,4
,,,,,,,219,11746.086,1,0,1,2
,,,,,,,220,12453.595,1,0,1,1
,,,,,,,221,13058.529,1,0,1,1
,,,,,,,222,13793.732,1,0,1,1
,,,,,,,223,14271.017,1,0,1,1
,,,,,,,224,14529.103,1,0,1,1
,,,,,,,225,14583.305,1,0,1,1
,,,,,,,226,14486.931,1,0,1,1
,,,,,,,227,14215.132,1,0,1,1
,,,,,,,228,14041.295,1,0,1,1
,,,,,,,229,14180.81,1,0,1,1
,,,,,,,230,14990.963,1,0,1,1
,,,,,,,231,16212.2605,1,0,1,2
,,,,,,,232,15559.9545,1,0,1,2
,,,,,,,233,14685.416,1,0,1,1
,,,,,,,234,13771.959,1,0,1,1
,,,,,,,235,12928.219,1,0,1,1
,,,,,,,236,12128.434600000002,1,0,1,5
,,,,,,,237,13266.049,1,0,1,1
,,,,,,,238,14529.498,1,0,1,1
,,,,,,,239,15489.069,1,0,1,1
,,,,,,,240,16098.361,1,0,1,1
,,,,,,,241,16323.094,1,0,1,1
,,,,,,,242,16395.271,1,0,1,1
,,,,,,,243,16265.213,1,0,1,1
,,,,,,,244,16006.005,1,0,1,1
,,,,,,,245,15733.458,1,0,1,1
,,,,,,,246,15470.504,1,0,1,1
,,,,,,,247,15464.484,1,0,1,1
,,,,,,,248,16160.568,1,0,1,1
,,,,,,,249,17335.603,1,0,1,1
,,,,,,,250,16943.822500000002,1,0,1,2
,,,,,,,251,15968.093,1,0,1,1
,,,,,,,252,14884.169,1,0,1,1
,,,,,,,253,13582.136,1,0,1,1
,,,,,,,254,12468.662,1,0,1,1
,,,,,,,255,11514.2208,1,0,1,5
,,,,,,,256,12837.48,1,0,1,1
,,,,,,,257,14738.138,1,0,1,1
,,,,,,,258,15728.369,1,0,1,1
,,,,,,,259,15829.326,1,0,1,1
,,,,,,,260,15808.873,1,0,1,1
,,,,,,,261,15774.969,1,0,1,1
,,,,,,,262,15675.253,1,0,1,1
,,,,,,,263,15472.587,1,0,1,2
,,,,,,,264,15379.285,1,0,1,1
,,,,,,,265,15541.211,1,0,1,1
,,,,,,,266,16259.662,1,0,1,1
,,,,,,,267,17050.858500000002,1,0,1,2
,,,,,,,268,16508.419,1,0,1,1
,,,,,,,269,15803.587,1,0,1,1
,,,,,,,270,14744.532,1,0,1,1
,,,,,,,271,13440.742,1,0,1,1
,,,,,,,272,12322.694,1,0,1,1
,,,,,,,273,11248.132200000002,1,0,1,5
,,,,,,,274,12400.962,1,0,1,1
,,,,,,,275,14147.484,1,0,1,1
,,,,,,,276,15440.6985,1,0,1,2
,,,,,,,277,15753.205,1,0,1,1
,,,,,,,278,15905.221666666666,1,0,1,3
,,,,,,,279,15748.710666666666,1,0,1,3
,,,,,,,280,16310.296,1,0,1,1
,,,,,,,281,17056.264499999997,1,0,1,2
,,,,,,,282,16516.363,1,0,1,1
,,,,,,,283,15839.228,1,0,1,1
,,,,,,,284,14787.819,1,0,1,1
,,,,,,,285,13463.736,1,0,1,1
,,,,,,,286,12351.685,1,0,1,1
,,,,,,,287,11630.05,1,0,1,1
,,,,,,,288,11225.04,1,0,1,1
,,,,,,,289,11159.639666666668,1,0,1,3
,,,,,,,290,12464.423,1,0,1,1
,,,,,,,291,14321.205,1,0,1,1
,,,,,,,292,15323.422,1,0,1,1
,,,,,,,293,15400.134,1,0,1,1
,,,,,,,294,15352.418,1,0,1,1
,,,,,,,295,15327.177,1,0,1,1
,,,,,,,296,15077.131666666668,1,0,1,3
,,,,,,,297,14824.531,1,0,1,1
,,,,,,,298,14872.337,1,0,1,1
,,,,,,,299,15545.479,1,0,1,1
,,,,,,,300,16461.99,1,0,1,1
,,,,,,,301,16378.712,1,0,1,1
,,,,,,,302,15958.504,1,0,1,1
,,,,,,,303,15309.503,1,0,1,1
,,,,,,,304,14334.539,1,0,1,1
,,,,,,,305,13048.903,1,0,1,1
,,,,,,,306,11972.391,1,0,1,1
,,,,,,,307,11279.001,1,0,1,1
,,,,,,,308,10923.369,1,0,1,1
,,,,,,,309,10775.726,1,0,1,1
,,,,,,,310,10795.188,1,0,1,1
,,,,,,,311,11157.887,1,0,1,1
,,,,,,,312,12176.405,1,0,1,1
,,,,,,,313,13979.903,1,0,1,1
,,,,,,,314,15027.94,1,0,1,1
,,,,,,,315,15387.05,1,0,1,2
,,,,,,,316,15412.754363636364,1,0,1,11
,,,,,,,317,14037.891,1,0,1,1
,,,,,,,318,13011.577,1,0,1,1
,,,,,,,319,12005.915,1,0,1,1
,,,,,,,320,11232.672,1,0,1,1
,,,,,,,321,10611.515599999999,1,0,1,5
,,,,,,,322,11638.886,1,0,1,1
,,,,,,,323,12428.0,1,0,1,1
,,,,,,,324,13298.553,1,0,1,1
,,,,,,,325,13904.413,1,0,1,1
,,,,,,,326,13830.322,1,0,1,4
,,,,,,,327,13115.774,1,0,1,1
,,,,,,,328,13109.36,1,0,1,1
,,,,,,,329,13594.122,1,0,1,1
,,,,,,,330,14458.721333333335,1,0,1,3
,,,,,,,331,13670.721,1,0,1,1
,,,,,,,332,13023.134,1,0,1,1
,,,,,,,333,12208.535,1,0,1,1
,,,,,,,334,11036.6315,1,0,1,2
,,,,,,,335,10098.109,1,0,1,3
,,,,,,,336,10390.145666666665,1,0,1,3
,,,,,,,337,11501.642,1,0,1,1
,,,,,,,338,12363.199,1,0,1,1
,,,,,,,339,13072.856,1,0,1,1
,,,,,,,340,13440.85,1,0,1,1
,,,,,,,341,13651.203,1,0,1,1
,,,,,,,342,13763.46,1,0,1,1
,,,,,,,343,13784.55,1,0,1,1
,,,,,,,344,13831.63,1,0,1,1
,,,,,,,345,14062.201,1,0,1,1
,,,,,,,346,14802.213,1,0,1,1
,,,,,,,347,15474.89,1,0,1,2
,,,,,,,348,14425.212,1,0,1,2
,,,,,,,349,13333.74,1,0,1,1
,,,,,,,350,12364.33,1,0,1,1
,,,,,,,351,11353.071,1,0,1,1
,,,,,,,352,10484.351200000001,1,0,1,5
,,,,,,,353,11910.467,1,0,1,1
,,,,,,,354,15376.305100000001,1,0,1,10
,,,,,,,355,16440.008,1,0,1,1
,,,,,,,356,17323.76,1,0,1,1
,,,,,,,357,17191.932,1,0,1,1
,,,,,,,358,16301.939,1,0,1,2
,,,,,,,359,14837.728,1,0,1,1
,,,,,,,360,13530.874,1,0,1,1
,,,,,,,361,11578.514833333335,1,0,1,6
,,,,,,,362,12461.803,1,0,1,1
,,,,,,,363,15659.466124999999,1,0,1,8
,,,,,,,364,16022.708999999999,1,0,1,2
,,,,,,,365,16506.118,1,0,1,1
,,,,,,,366,17174.5095,1,0,1,2
,,,,,,,367,16538.307,1,0,1,1
,,,,,,,368,15754.796,1,0,1,1
,,,,,,,369,14661.134,1,0,1,1
,,,,,,,370,13344.71,1,0,1,1
,,,,,,,371,12247.769,1,0,1,1
,,,,,,,372,11514.574,1,0,1,1
,,,,,,,373,11065.27425,1,0,1,4
,,,,,,,374,12391.129,1,0,1,1
,,,,,,,375,14263.089,1,0,1,1
,,,,,,,376,15240.127,1,0,1,1
,,,,,,,377,15388.012,1,0,1,1
,,,,,,,378,15416.248,1,0,1,1
,,,,,,,379,15421.302,1,0,1,1
,,,,,,,380,15363.523,1,0,1,1
,,,,,,,381,15188.779,1,0,1,1
,,,,,,,382,15030.61,1,0,1,1
,,,,,,,383,14840.722,1,0,1,1
,,,,,,,384,14846.697,1,0,1,1
,,,,,,,385,16126.051000000001,1,0,1,3
,,,,,,,386,15832.773000000001,1,0,1,2
,,,,,,,387,14509.491,1,0,1,1
,,,,,,,388,13212.08,1,0,1,1
,,,,,,,389,12045.744,1,0,1,1
,,,,,,,390,11313.168,1,0,1,1
,,,,,,,391,10906.156,1,0,1,1
,,,,,,,392,10708.148,1,0,1,1
,,,,,,,393,10861.907500000001,1,0,1,2
,,,,,,,394,12090.302,1,0,1,1
,,,,,,,395,13921.378,1,0,1,1
,,,,,,,396,14948.157,1,0,1,1
,,,,,,,397,15213.874666666665,1,0,1,3
,,,,,,,398,14953.6025,1,0,1,4
,,,,,,,399,14664.239,1,0,1,1
,,,,,,,400,15876.253666666666,1,0,1,3
,,,,,,,401,15868.389,1,0,1,1
,,,,,,,402,14798.2395,1,0,1,2
,,,,,,,403,13072.824,1,0,1,1
,,,,,,,404,11117.005666666666,1,0,1,6
,,,,,,,405,12102.68,1,0,1,1
,,,,,,,406,13904.623,1,0,1,1
,,,,,,,407,14903.085,1,0,1,1
,,,,,,,408,15133.251,1,0,1,1
,,,,,,,409,15166.603500000003,1,0,1,6
,,,,,,,410,14953.203,1,0,1,1
,,,,,,,411,15458.2145,1,0,1,6
,,,,,,,412,13319.76,1,0,1,1
,,,,,,,413,11435.947875000002,1,0,1,8
,,,,,,,414,12894.571,1,0,1,1
,,,,,,,415,13709.484,1,0,1,1
,,,,,,,416,14242.908,1,0,1,1
,,,,,,,417,14460.009,1,0,1,1
,,,,,,,418,14442.7745,1,0,1,2
,,,,,,,419,14162.2725,1,0,1,2
,,,,,,,420,14688.845714285711,1,0,1,7
,,,,,,,421,13031.927,1,0,1,1
,,,,,,,422,12175.011,1,0,1,1
,,,,,,,423,11323.509,1,0,1,2
,,,,,,,424,10927.608250000001,1,0,1,4
,,,,,,,425,11962.108,1,0,1,2
,,,,,,,426,13033.335,1,0,1,1
,,,,,,,427,13571.528,1,0,1,1
,,,,,,,428,13919.2035,1,0,1,2
,,,,,,,429,14006.58,1,0,1,1
,,,,,,,430,13903.228,1,0,1,1
,,,,,,,431,13786.618,1,0,1,1
,,,,,,,432,13879.517,1,0,1,1
,,,,,,,433,14477.923,1,0,1,1
,,,,,,,434,15807.118999999999,1,0,1,2
,,,,,,,435,15513.054,1,0,1,1
,,,,,,,436,14940.396,1,0,1,1
,,,,,,,437,14039.806,1,0,1,1
,,,,,,,438,12986.86,1,0,1,1
,,,,,,,439,11417.3768,1,0,1,5
,,,,,,,440,11673.698,1,0,1,1
,,,,,,,441,12849.22,1,0,1,1
,,,,,,,442,14793.599,1,0,1,1
,,,,,,,443,15802.582,1,0,1,1
,,,,,,,444,15965.886,1,0,1,1
,,,,,,,445,15963.463,1,0,1,1
,,,,,,,446,15885.1415,1,0,1,2
,,,,,,,447,15642.108499999998,1,0,1,2
,,,,,,,448,15382.837,1,0,1,1
,,,,,,,449,15405.934,1,0,1,1
,,,,,,,450,15950.61,1,0,1,1
,,,,,,,451,17224.829,1,0,1,1
,,,,,,,452,17404.822,1,0,1,1
,,,,,,,453,16996.367,1,0,1,1
,,,,,,,454,16379.994,1,0,1,1
,,,,,,,455,15344.922,1,0,1,1
,,,,,,,456,14110.31,1,0,1,1
,,,,,,,457,13076.573,1,0,1,1
,,,,,,,458,12247.049999999997,1,0,1,3
,,,,,,,459,12165.487,1,0,1,1
,,,,,,,460,12592.364,1,0,1,1
,,,,,,,461,13749.237,1,0,1,1
,,,,,,,462,15669.891,1,0,1,1
,,,,,,,463,16575.87,1,0,1,1
,,,,,,,464,16557.135,1,0,1,1
,,,,,,,465,16467.119,1,0,1,1
,,,,,,,466,16482.031,1,0,1,3
,,,,,,,467,16474.083,1,0,1,1
,,,,,,,468,16392.19,1,0,1,1
,,,,,,,469,16418.776,1,0,1,1
,,,,,,,470,16900.18,1,0,1,1
,,,,,,,471,17990.676,1,0,1,1
,,,,,,,472,18004.487,1,0,1,1
,,,,,,,473,17476.811,1,0,1,1
,,,,,,,474,16108.708999999999,1,0,1,2
,,,,,,,475,14180.96,1,0,1,1
,,,,,,,476,13053.575,1,0,1,1
,,,,,,,477,11989.50475,1,0,1,4
,,,,,,,478,12721.8405,1,0,1,2
,,,,,,,479,15034.574,1,0,1,1
,,,,,,,480,15938.172,1,0,1,1
,,,,,,,481,16089.018,1,0,1,1
,,,,,,,482,16113.263,1,0,1,1
,,,,,,,483,16050.7775,1,0,1,2
,,,,,,,484,15770.946,1,0,1,1
,,,,,,,485,15451.545666666667,1,0,1,3
,,,,,,,486,15739.934,1,0,1,1
,,,,,,,487,16819.460333333333,1,0,1,3
,,,,,,,488,15973.074,1,0,1,1
,,,,,,,489,14964.21,1,0,1,1
,,,,,,,490,13709.795,1,0,1,1
,,,,,,,491,11886.797600000002,1,0,1,5
,,,,,,,492,12000.118,1,0,1,1
,,,,,,,493,13130.218,1,0,1,1
,,,,,,,494,15046.234,1,0,1,1
,,,,,,,495,15972.601,1,0,1,1
,,,,,,,496,16012.4105,1,0,1,2
,,,,,,,497,15725.163666666665,1,0,1,3
,,,,,,,498,15470.619,1,0,1,1
,,,,,,,499,15337.794,1,0,1,1
,,,,,,,500,15331.792,1,0,1,1
,,,,,,,501,15766.981,1,0,1,1
,,,,,,,502,16923.012,1,0,1,1
,,,,,,,503,16984.271999999997,1,0,1,2
,,,,,,,504,16268.783,1,0,1,1
,,,,,,,505,15299.631,1,0,1,1
,,,,,,,506,14085.319,1,0,1,1
,,,,,,,507,12660.145,1,0,1,2
,,,,,,,508,12000.722,1,0,1,1
,,,,,,,509,11874.687,1,0,1,1
,,,,,,,510,11939.228,1,0,1,1
,,,,,,,511,12342.668,1,0,1,1
,,,,,,,512,13445.751,1,0,1,1
,,,,,,,513,15325.462,1,0,1,1
,,,,,,,514,16227.088,1,0,1,1
,,,,,,,515,16338.558,1,0,1,1
,,,,,,,516,16327.166000000001,1,0,1,2
,,,,,,,517,16182.958,1,0,1,1
,,,,,,,518,15902.335,1,0,1,1
,,,,,,,519,15700.448,1,0,1,1
,,,,,,,520,15470.944,1,0,1,1
,,,,,,,521,15448.321,1,0,1,1
,,,,,,,522,15869.816,1,0,1,1
,,,,,,,523,16848.235,1,0,1,1
,,,,,,,524,16652.8935,1,0,1,2
,,,,,,,525,15915.471,1,0,1,1
,,,,,,,526,15190.03,1,0,1,1
,,,,,,,527,14226.623,1,0,1,1
,,,,,,,528,13245.914,1,0,1,1
,,,,,,,529,12280.269333333332,1,0,1,3
,,,,,,,530,12000.153,1,0,1,1
,,,,,,,531,12392.086,1,0,1,2
,,,,,,,532,13423.029,1,0,1,1
,,,,,,,533,14184.096,1,0,1,1
,,,,,,,534,14943.117,1,0,1,1
,,,,,,,535,15328.828,1,0,1,1
,,,,,,,536,15469.468,1,0,1,1
,,,,,,,537,15374.776,1,0,1,1
,,,,,,,538,15115.083,1,0,1,1
,,,,,,,539,14753.023,1,0,1,1
,,,,,,,540,14498.003,1,0,1,1
,,,,,,,541,14496.416,1,0,1,1
,,,,,,,542,14936.803,1,0,1,1
,,,,,,,543,16183.361,1,0,1,2
,,,,,,,544,15670.3665,1,0,1,2
,,,,,,,545,14747.469,1,0,1,1
,,,,,,,546,13850.983,1,0,1,1
,,,,,,,547,11939.18742857143,1,0,1,7
,,,,,,,548,12423.036,1,0,1,1
,,,,,,,549,13061.665,1,0,1,1
,,,,,,,550,13923.681,1,0,1,1
,,,,,,,551,14503.512,1,0,1,1
,,,,,,,552,14789.298,1,0,1,1
,,,,,,,553,14932.992,1,0,1,1
,,,,,,,554,14747.662499999999,1,0,1,4
,,,,,,,555,15177.404,1,0,1,1
,,,,,,,556,16159.933,1,0,1,1
,,,,,,,557,15335.3655,1,0,1,2
,,,,,,,558,13010.0838,1,0,1,5
,,,,,,,559,12364.463714285715,1,0,1,7
,,,,,,,560,15517.814,1,0,1,1
,,,,,,,561,15553.07,1,0,1,1
,,,,,,,562,15680.3,1,0,1,1
,,,,,,,563,15687.753,1,0,1,1
,,,,,,,564,15517.764,1,0,1,1
,,,,,,,565,15339.191,1,0,1,1
,,,,,,,566,15149.583,1,0,1,1
,,,,,,,567,15168.632,1,0,1,1
,,,,,,,568,15714.327,1,0,1,1
,,,,,,,569,16940.7935,1,0,1,2
,,,,,,,570,16616.073,1,0,1,1
,,,,,,,571,15912.858,1,0,1,1
,,,,,,,572,14825.46,1,0,1,1
,,,,,,,573,13529.729,1,0,1,1
,,,,,,,574,12460.767,1,0,1,1
,,,,,,,575,11774.704,1,0,1,1
,,,,,,,576,11319.566,1,0,1,2
,,,,,,,577,11444.775,1,0,1,2
,,,,,,,578,12655.033,1,0,1,1
,,,,,,,579,14400.511,1,0,1,1
,,,,,,,580,15468.445,1,0,1,1
,,,,,,,581,15932.922,1,0,1,1
,,,,,,,582,16418.902333333335,1,0,1,3
,,,,,,,583,16479.5184,1,0,1,5
,,,,,,,584,17018.333,1,0,1,4
,,,,,,,585,15023.845,1,0,1,1
,,,,,,,586,12344.950666666668,1,0,1,9
,,,,,,,587,15335.268,1,0,1,1
,,,,,,,588,15661.826,1,0,1,1
,,,,,,,589,15624.905,1,0,1,1
,,,,,,,590,15483.762,1,0,1,1
,,,,,,,591,15257.773,1,0,1,1
,,,,,,,592,14966.588,1,0,1,1
,,,,,,,593,14706.359,1,0,1,1
,,,,,,,594,14489.552,1,0,1,1
,,,,,,,595,14400.841,1,0,1,1
,,,,,,,596,14728.937,1,0,1,1
,,,,,,,597,15853.611333333334,1,0,1,3
,,,,,,,598,15164.56,1,0,1,1
,,,,,,,599,14323.79,1,0,1,1
,,,,,,,600,13245.293,1,0,1,1
,,,,,,,601,12240.14,1,0,1,1
,,,,,,,602,11204.605000000001,1,0,1,3
,,,,,,,603,11127.743,1,0,1,2
,,,,,,,604,12130.346,1,0,1,1
,,,,,,,605,13365.596,1,0,1,1
,,,,,,,606,14293.665,1,0,1,1
,,,,,,,607,15146.723,1,0,1,1
,,,,,,,608,16507.192000000003,1,0,1,6
,,,,,,,609,16360.303,1,0,1,1
,,,,,,,610,17144.6245,1,0,1,2
,,,,,,,611,17661.443,1,0,1,2
,,,,,,,612,14610.800307692307,1,0,1,13
,,,,,,,613,17045.502,1,0,1,1
,,,,,,,614,17111.751,1,0,1,1
,,,,,,,615,16617.8005,1,0,1,6
,,,,,,,616,17481.4135,1,0,1,2
,,,,,,,617,17243.307,1,0,1,1
,,,,,,,618,16670.092,1,0,1,1
,,,,,,,619,15854.719,1,0,1,1
,,,,,,,620,14812.149,1,0,1,1
,,,,,,,621,13818.004,1,0,1,1
,,,,,,,622,13085.296,1,0,1,1
,,,,,,,623,12443.084749999998,1,0,1,4
,,,,,,,624,12774.76,1,0,1,1
,,,,,,,625,13456.062,1,0,1,1
,,,,,,,626,14195.53,1,0,1,1
,,,,,,,627,15093.815,1,0,1,1
,,,,,,,628,15819.556,1,0,1,5
,,,,,,,629,15343.075,1,0,1,1
,,,,,,,630,16021.3792,1,0,1,5
,,,,,,,631,15308.777999999998,1,0,1,2
,,,,,,,632,14124.351,1,0,1,1
,,,,,,,633,12265.718714285715,1,0,1,7
,,,,,,,634,12739.383,1,0,1,1
,,,,,,,635,13373.261,1,0,1,1
,,,,,,,636,14255.766,1,0,1,1
,,,,,,,637,15174.1345,1,0,1,2
,,,,,,,638,15808.18225,1,0,1,4
,,,,,,,639,16034.5885,1,0,1,2
,,,,,,,640,17029.1885,1,0,1,2
,,,,,,,641,16364.814,1,0,1,1
,,,,,,,642,15476.956,1,0,1,1
,,,,,,,643,14537.273,1,0,1,1
,,,,,,,644,13546.995,1,0,1,1
,,,,,,,645,12585.301,1,0,1,1
,,,,,,,646,11956.226,1,0,1,1
,,,,,,,647,11832.513199999998,1,0,1,5
,,,,,,,648,13936.581,1,0,1,1
,,,,,,,649,14869.903,1,0,1,1
,,,,,,,650,16144.716777777778,1,0,1,9
,,,,,,,651,17496.331000000002,1,0,1,3
,,,,,,,652,16635.563,1,0,1,1
,,,,,,,653,15608.349,1,0,1,1
,,,,,,,654,12702.848857142859,1,0,1,7
,,,,,,,655,13630.387,1,0,1,1
,,,,,,,656,15413.685,1,0,1,1
,,,,,,,657,16236.208,1,0,1,1
,,,,,,,658,16293.457,1,0,1,1
,,,,,,,659,16206.953,1,0,1,1
,,,,,,,660,16145.019,1,0,1,1
,,,,,,,661,15943.583,1,0,1,1
,,,,,,,662,15472.450333333334,1,0,1,3
,,,,,,,663,15103.699,1,0,1,1
,,,,,,,664,15380.633,1,0,1,1
,,,,,,,665,16540.916,1,0,1,4
,,,,,,,666,15161.621,1,0,1,1
,,,,,,,667,13951.619,1,0,1,1
,,,,,,,668,12334.625666666667,1,0,1,3
,,,,,,,669,11705.729,1,0,1,1
,,,,,,,670,11712.425,1,0,1,1
,,,,,,,671,12081.514,1,0,1,1
,,,,,,,672,13153.84,1,0,1,1
,,,,,,,673,14916.01,1,0,1,1
,,,,,,,674,15776.969,1,0,1,1
,,,,,,,675,15971.103000000001,1,0,1,3
,,,,,,,676,15891.789,1,0,1,1
,,,,,,,677,15714.906,1,0,1,1
,,,,,,,678,15498.673333333334,1,0,1,3
,,,,,,,679,15756.26,1,0,1,1
,,,,,,,680,16655.58,1,0,1,1
,,,,,,,681,16904.341,1,0,1,1
,,,,,,,682,16511.595,1,0,1,1
,,,,,,,683,15875.155,1,0,1,1
,,,,,,,684,14854.561,1,0,1,1
,,,,,,,685,13625.222,1,0,1,1
,,,,,,,686,12252.564999999999,1,0,1,8
,,,,,,,687,15482.332,1,0,1,1
,,,,,,,688,15711.5,1,0,1,1
,,,,,,,689,15807.668,1,0,1,2
,,,,,,,690,15592.147,1,0,1,5
,,,,,,,691,14587.877352941177,1,0,1,17
,,,,,,,692,16070.921999999999,1,0,1,2
,,,,,,,693,15663.760333333334,1,0,1,3
,,,,,,,694,15077.822,1,0,1,1
,,,,,,,695,14858.057,1,0,1,1
,,,,,,,696,15080.427,1,0,1,1
,,,,,,,697,15972.69475,1,0,1,4
,,,,,,,698,14754.076,1,0,1,1
,,,,,,,699,13777.825,1,0,1,1
,,,,,,,700,12794.964,1,0,1,1
,,,,,,,701,12128.421,1,0,1,1
,,,,,,,702,11573.685,1,0,1,3
,,,,,,,703,11600.05,1,0,1,1
,,,,,,,704,12039.723,1,0,1,1
,,,,,,,705,12755.339,1,0,1,1
,,,,,,,706,13458.625,1,0,1,1
,,,,,,,707,14102.555,1,0,1,1
,,,,,,,708,14455.316,1,0,1,1
,,,,,,,709,14511.312,1,0,1,1
,,,,,,,710,14317.536,1,0,1,1
,,,,,,,711,13998.601,1,0,1,1
,,,,,,,712,13591.34,1,0,1,1
,,,,,,,713,13227.502,1,0,1,1
,,,,,,,714,13100.445,1,0,1,1
,,,,,,,715,13353.991,1,0,1,1
,,,,,,,716,14251.938,1,0,1,1
,,,,,,,717,13744.487399999998,1,0,1,5
,,,,,,,718,11247.2965,1,0,1,2
,,,,,,,719,10382.1882,1,0,1,5
,,,,,,,720,11063.075,1,0,1,1
,,,,,,,721,11683.298,1,0,1,1
,,,,,,,722,12368.442,1,0,1,1
,,,,,,,723,12846.163,1,0,1,1
,,,,,,,724,13097.262,1,0,1,1
,,,,,,,725,13121.882,1,0,1,1
,,,,,,,726,12905.7415,1,0,1,2
,,,,,,,727,12554.684,1,0,1,1
,,,,,,,728,12474.794,1,0,1,1
,,,,,,,729,12779.636,1,0,1,1
,,,,,,,730,13760.763,1,0,1,1
,,,,,,,731,13904.607000000002,1,0,1,3
,,,,,,,732,12669.194,1,0,1,1
,,,,,,,733,11831.299,1,0,1,1
,,,,,,,734,10696.3385,1,0,1,2
,,,,,,,735,10060.716,1,0,1,2
,,,,,,,736,10242.462,1,0,1,2
,,,,,,,737,11250.154,1,0,1,1
,,,,,,,738,12396.399,1,0,1,1
,,,,,,,739,13263.681,1,0,1,1
,,,,,,,740,13858.617,1,0,1,1
,,,,,,,741,14317.614,1,0,1,1
,,,,,,,742,14548.561,1,0,1,1
,,,,,,,743,14420.832,1,0,1,3
,,,,,,,744,13945.39,1,0,1,1
,,,,,,,745,13883.139,1,0,1,1
,,,,,,,746,14277.993,1,0,1,1
,,,,,,,747,15311.709,1,0,1,1
,,,,,,,748,15675.041000000001,1,0,1,2
,,,,,,,749,14877.511,1,0,1,1
,,,,,,,750,14009.161,1,0,1,1
,,,,,,,751,12911.924,1,0,1,1
,,,,,,,752,11976.53,1,0,1,1
,,,,,,,753,11401.412,1,0,1,1
,,,,,,,754,11108.553,1,0,1,1
,,,,,,,755,11030.436,1,0,1,1
,,,,,,,756,11120.097,1,0,1,1
,,,,,,,757,11541.788,1,0,1,1
,,,,,,,758,12620.142,1,0,1,1
,,,,,,,759,14175.591,1,0,1,1
,,,,,,,760,15056.431,1,0,1,1
,,,,,,,761,15268.011,1,0,1,1
,,,,,,,762,15305.995,1,0,1,1
,,,,,,,763,15144.653,1,0,1,3
,,,,,,,764,14743.133,1,0,1,1
,,,,,,,765,14523.64,1,0,1,1
,,,,,,,766,14485.388,1,0,1,1
,,,,,,,767,14858.579,1,0,1,1
,,,,,,,768,15851.168,1,0,1,1
,,,,,,,769,16239.415,1,0,1,1
,,,,,,,770,15835.961,1,0,1,1
,,,,,,,771,15183.713,1,0,1,1
,,,,,,,772,14189.916,1,0,1,1
,,,,,,,773,12991.425,1,0,1,1
,,,,,,,774,11896.218,1,0,1,1
,,,,,,,775,11214.525,1,0,1,1
,,,,,,,776,10823.952,1,0,1,1
,,,,,,,777,11080.4755,1,0,1,4
,,,,,,,778,13536.999,1,0,1,1
,,,,,,,779,14449.481,1,0,1,1
,,,,,,,780,14785.387,1,0,1,1
,,,,,,,781,14844.297,1,0,1,1
,,,,,,,782,14843.41,1,0,1,1
,,,,,,,783,14716.286,1,0,1,1
,,,,,,,784,14482.478,1,0,1,1
,,,,,,,785,14361.708,1,0,1,1
,,,,,,,786,14064.1,1,0,1,1
,,,,,,,787,13873.128,1,0,1,1
,,,,,,,788,14097.528,1,0,1,1
,,,,,,,789,15163.657666666666,1,0,1,3
,,,,,,,790,14083.5975,1,0,1,2
,,,,,,,791,12504.883,1,0,1,1
,,,,,,,792,10805.575285714285,1,0,1,7
,,,,,,,793,13193.922,1,0,1,1
,,,,,,,794,14097.262,1,0,1,1
,,,,,,,795,14328.367,1,0,1,1
,,,,,,,796,14373.58,1,0,1,1
,,,,,,,797,14476.558,1,0,1,1
,,,,,,,798,14450.153,1,0,1,1
,,,,,,,799,14275.869,1,0,1,1
,,,,,,,800,14122.724,1,0,1,1
,,,,,,,801,13886.425,1,0,1,1
,,,,,,,802,13709.772,1,0,1,1
,,,,,,,803,13832.437,1,0,1,1
,,,,,,,804,14301.6682,1,0,1,5
,,,,,,,805,12051.014,1,0,1,1
,,,,,,,806,11019.755,1,0,1,1
,,,,,,,807,10329.838,1,0,1,1
,,,,,,,808,9889.4795,1,0,1,4
,,,,,,,809,10977.608,1,0,1,1
,,,,,,,810,12426.618,1,0,1,1
,,,,,,,811,13357.843,1,0,1,1
,,,,,,,812,13816.473,1,0,1,1
,,,,,,,813,14163.501499999998,1,0,1,2
,,,,,,,814,14300.064,1,0,1,1
,,,,,,,815,14208.11,1,0,1,1
,,,,,,,816,14117.346,1,0,1,1
,,,,,,,817,13901.142,1,0,1,1
,,,,,,,818,13666.763,1,0,1,1
,,,,,,,819,13647.877,1,0,1,1
,,,,,,,820,14015.98875,1,0,1,4
,,,,,,,821,12663.151,1,0,1,1
,,,,,,,822,11723.1,1,0,1,1
,,,,,,,823,10764.306,1,0,1,1
,,,,,,,824,9574.494166666667,1,0,1,6
,,,,,,,825,10333.728,1,0,1,1
,,,,,,,826,11139.907,1,0,1,1
,,,,,,,827,12093.552,1,0,1,1
,,,,,,,828,12770.855,1,0,1,1
,,,,,,,829,13101.141,1,0,1,1
,,,,,,,830,13117.5725,1,0,1,2
,,,,,,,831,12834.881,1,0,1,1
,,,,,,,832,12601.531,1,0,1,1
,,,,,,,833,12508.317,1,0,1,1
,,,,,,,834,12994.885166666665,1,0,1,6
,,,,,,,835,9955.83011111111,1,0,1,9
,,,,,,,836,11092.169,1,0,1,1
,,,,,,,837,12056.651,1,0,1,1
,,,,,,,838,12802.009,1,0,1,1
,,,,,,,839,13202.378,1,0,1,1
,,,,,,,840,13296.185666666666,1,0,1,3
,,,,,,,841,12931.063,1,0,1,1
,,,,,,,842,12926.343,1,0,1,1
,,,,,,,843,13385.191,1,0,1,1
,,,,,,,844,14483.843800000002,1,0,1,5
,,,,,,,845,12450.766,1,0,1,1
,,,,,,,846,11602.233,1,0,1,1
,,,,,,,847,11067.742,1,0,1,1
,,,,,,,848,10771.615,1,0,1,1
,,,,,,,849,10688.7045,1,0,1,2
,,,,,,,850,11164.206,1,0,1,1
,,,,,,,851,12327.811,1,0,1,1
,,,,,,,852,14048.93,1,0,1,1
,,,,,,,853,14876.539,1,0,1,1
,,,,,,,854,14951.159,1,0,1,1
,,,,,,,855,14945.528,1,0,1,1
,,,,,,,856,14942.734,1,0,1,1
,,,,,,,857,14726.121,1,0,1,2
,,,,,,,858,14442.545,1,0,1,1
,,,,,,,859,14207.892,1,0,1,1
,,,,,,,860,14034.797,1,0,1,1
,,,,,,,861,14261.923,1,0,1,1
,,,,,,,862,15115.592,1,0,1,1
,,,,,,,863,15808.428,1,0,1,1
,,,,,,,864,15451.105,1,0,1,1
,,,,,,,865,14801.929,1,0,1,1
,,,,,,,866,13786.682,1,0,1,1
,,,,,,,867,12560.734,1,0,1,1
,,,,,,,868,11536.578,1,0,1,1
,,,,,,,869,10912.017,1,0,1,1
,,,,,,,870,10566.664,1,0,1,1
,,,,,,,871,10398.288,1,0,1,1
,,,,,,,872,10402.523,1,0,1,1
,,,,,,,873,10746.388,1,0,1,1
,,,,,,,874,11803.144,1,0,1,1
,,,,,,,875,13523.19,1,0,1,1
,,,,,,,876,14451.189,1,0,1,1
,,,,,,,877,14690.651,1,0,1,1
,,,,,,,878,14705.756,1,0,1,1
,,,,,,,879,14626.642,1,0,1,1
,,,,,,,880,14495.683,1,0,1,1
,,,,,,,881,14305.252,1,0,1,1
,,,,,,,882,14197.058,1,0,1,1
,,,,,,,883,13976.689,1,0,1,1
,,,,,,,884,13900.774,1,0,1,1
,,,,,,,885,14231.086,1,0,1,1
,,,,,,,886,15100.253,1,0,1,1
,,,,,,,887,15465.29,1,0,1,1
,,,,,,,888,14721.009,1,0,1,2
,,,,,,,889,13360.753,1,0,1,1
,,,,,,,890,12226.018,1,0,1,1
,,,,,,,891,11104.296,1,0,1,1
,,,,,,,892,12616.415687499999,1,0,1,16
,,,,,,,893,14371.166,1,0,1,1
,,,,,,,894,14998.661,1,0,1,1
,,,,,,,895,15321.562,1,0,1,1
,,,,,,,896,11495.270333333334,1,0,1,12
,,,,,,,897,13524.525,1,0,1,1
,,,,,,,898,13926.039,1,0,1,1
,,,,,,,899,14146.754,1,0,1,1
,,,,,,,900,14393.182,1,0,1,1
,,,,,,,901,14426.443,1,0,1,3
,,,,,,,902,14159.722,1,0,1,1
,,,,,,,903,14049.36,1,0,1,1
,,,,,,,904,14370.889,1,0,1,1
,,,,,,,905,13984.890222222222,1,0,1,9
,,,,,,,906,11273.0365,1,0,1,2
,,,,,,,907,11693.647,1,0,1,1
,,,,,,,908,12785.208,1,0,1,1
,,,,,,,909,14407.495,1,0,1,1
,,,,,,,910,15248.774,1,0,1,1
,,,,,,,911,15451.124,1,0,1,1
,,,,,,,912,15537.866,1,0,1,1
,,,,,,,913,15530.808,1,0,1,2
,,,,,,,914,15231.068,1,0,1,1
,,,,,,,915,15019.691,1,0,1,1
,,,,,,,916,14777.216,1,0,1,1
,,,,,,,917,14678.171,1,0,1,1
,,,,,,,918,14913.059,1,0,1,1
,,,,,,,919,15587.594,1,0,1,1
,,,,,,,920,16182.857,1,0,1,1
,,,,,,,921,15919.809,1,0,1,1
,,,,,,,922,15545.211,1,0,1,1
,,,,,,,923,14932.73,1,0,1,1
,,,,,,,924,12844.607000000002,1,0,1,9
,,,,,,,925,14360.871,1,0,1,1
,,,,,,,926,15145.092,1,0,1,1
,,,,,,,927,15948.544249999999,1,0,1,4
,,,,,,,928,15664.158,1,0,1,1
,,,,,,,929,15365.058,1,0,1,1
,,,,,,,930,15241.306,1,0,1,1
,,,,,,,931,15520.037,1,0,1,1
,,,,,,,932,14729.580357142859,1,0,1,14
,,,,,,,933,14454.066,1,0,1,1
,,,,,,,934,15102.907,1,0,1,1
,,,,,,,935,15583.189,1,0,1,1
,,,,,,,936,15792.274,1,0,1,1
,,,,,,,937,15700.611,1,0,1,2
,,,,,,,938,15204.827,1,0,1,1
,,,,,,,939,14796.925,1,0,1,1
,,,,,,,940,14650.296,1,0,1,1
,,,,,,,941,15009.431,1,0,1,1
,,,,,,,942,15923.886,1,0,1,1
,,,,,,,943,16664.302499999998,1,0,1,2
,,,,,,,944,16044.403,1,0,1,1
,,,,,,,945,14567.381000000001,1,0,1,2
,,,,,,,946,13120.762,1,0,1,1
,,,,,,,947,12606.221,1,0,1,1
,,,,,,,948,12376.048,1,0,1,1
,,,,,,,949,12325.812,1,0,1,1
,,,,,,,950,12442.279,1,0,1,1
,,,,,,,951,12904.272,1,0,1,1
,,,,,,,952,14071.762,1,0,1,1
,,,,,,,953,15742.033,1,0,1,1
,,,,,,,954,16471.513,1,0,1,1
,,,,,,,955,16442.841,1,0,1,1
,,,,,,,956,16355.653,1,0,1,1
,,,,,,,957,16034.376333333334,1,0,1,3
,,,,,,,958,15407.005,1,0,1,1
,,,,,,,959,14992.243,1,0,1,1
,,,,,,,960,14786.939,1,0,1,1
,,,,,,,961,15084.669,1,0,1,1
,,,,,,,962,16194.81975,1,0,1,4
,,,,,,,963,14721.447,1,0,1,1
,,,,,,,964,13419.838,1,0,1,1
,,,,,,,965,12329.253,1,0,1,1
,,,,,,,966,11659.011,1,0,1,1
,,,,,,,967,11171.243333333334,1,0,1,3
,,,,,,,968,11452.684,1,0,1,1
,,,,,,,969,12510.801,1,0,1,1
,,,,,,,970,14201.793,1,0,1,1
,,,,,,,971,15186.994,1,0,1,1
,,,,,,,972,15420.486,1,0,1,1
,,,,,,,973,15489.433,1,0,1,1
,,,,,,,974,15561.118,1,0,1,1
,,,,,,,975,15529.06,1,0,1,1
,,,,,,,976,15296.337333333335,1,0,1,3
,,,,,,,977,13220.482,1,0,1,18
,,,,,,,978,14613.388,1,0,1,1
,,,,,,,979,14613.965,1,0,1,1
,,,,,,,980,14547.989,1,0,1,1
,,,,,,,981,14390.337,1,0,1,1
,,,,,,,982,14207.381,1,0,1,1
,,,,,,,983,13934.001,1,0,1,1
,,,,,,,984,13752.877,1,0,1,1
,,,,,,,985,13899.036,1,0,1,1
,,,,,,,986,14512.194,1,0,1,1
,,,,,,,987,15297.45,1,0,1,1
,,,,,,,988,13855.161499999998,1,0,1,4
,,,,,,,989,11297.965,1,0,1,1
,,,,,,,990,10335.9034,1,0,1,5
,,,,,,,991,12433.182499999999,1,0,1,2
,,,,,,,992,14058.333,1,0,1,1
,,,,,,,993,14265.746,1,0,1,1
,,,,,,,994,14433.65,1,0,1,1
,,,,,,,995,14558.811,1,0,1,1
,,,,,,,996,14454.663666666665,1,0,1,3
,,,,,,,997,14080.631,1,0,1,1
,,,,,,,998,13921.422,1,0,1,1
,,,,,,,999,14117.109,1,0,1,1
,,,,,,,1000,14771.561,1,0,1,1
,,,,,,,1001,15565.261,1,0,1,1
,,,,,,,1002,15349.337,1,0,1,1
,,,,,,,1003,14810.074,1,0,1,1
,,,,,,,1004,13915.139,1,0,1,1
,,,,,,,1005,12736.343,1,0,1,1
,,,,,,,1006,11700.556,1,0,1,1
,,,,,,,1007,11050.215,1,0,1,1
,,,,,,,1008,10701.015,1,0,1,1
,,,,,,,1009,10538.133,1,0,1,1
,,,,,,,1010,10751.8345,1,0,1,2
,,,,,,,1011,11997.252,1,0,1,1
,,,,,,,1012,13582.295,1,0,1,1
,,,,,,,1013,14648.112,1,0,1,1
,,,,,,,1014,15366.067500000001,1,0,1,2
,,,,,,,1015,15769.095,1,0,1,1
,,,,,,,1016,15822.035,1,0,1,1
,,,,,,,1017,15685.2575,1,0,1,2
,,,,,,,1018,15349.914499999999,1,0,1,2
,,,,,,,1019,15358.907,1,0,1,1
,,,,,,,1020,15768.017,1,0,1,1
,,,,,,,1021,16421.272,1,0,1,1
,,,,,,,1022,16158.035,1,0,1,1
,,,,,,,1023,15685.807,1,0,1,1
,,,,,,,1024,15035.212,1,0,1,1
,,,,,,,1025,12876.909444444445,1,0,1,9
,,,,,,,1026,14562.311,1,0,1,1
,,,,,,,1027,15399.278,1,0,1,1
,,,,,,,1028,15891.692,1,0,1,1
,,,,,,,1029,15937.264,1,0,1,4
,,,,,,,1030,15453.899,1,0,1,1
,,,,,,,1031,15423.132,1,0,1,1
,,,,,,,1032,15705.832,1,0,1,1
,,,,,,,1033,14526.618166666669,1,0,1,15
,,,,,,,1034,14740.612,1,0,1,1
,,,,,,,1035,15243.779,1,0,1,1
,,,,,,,1036,15549.759,1,0,1,1
,,,,,,,1037,15690.674,1,0,1,1
,,,,,,,1038,15392.298,1,0,1,3
,,,,,,,1039,14931.791,1,0,1,1
,,,,,,,1040,15003.794,1,0,1,1
,,,,,,,1041,15448.123,1,0,1,1
,,,,,,,1042,14396.408727272727,1,0,1,11
,,,,,,,1043,14176.566,1,0,1,1
,,,,,,,1044,16049.908,1,0,1,1
,,,,,,,1045,17070.174,1,0,1,1
,,,,,,,1046,17094.357,1,0,1,1
,,,,,,,1047,16955.634,1,0,1,1
,,,,,,,1048,16890.471,1,0,1,1
,,,,,,,1049,16712.636,1,0,1,1
,,,,,,,1050,16427.262,1,0,1,1
,,,,,,,1051,16131.141,1,0,1,1
,,,,,,,1052,15690.939,1,0,1,1
,,,,,,,1053,15358.148,1,0,1,1
,,,,,,,1054,15267.49,1,0,1,1
,,,,,,,1055,15541.717,1,0,1,1
,,,,,,,1056,16180.909749999999,1,0,1,4
,,,,,,,1057,14513.218,1,0,1,1
,,,,,,,1058,13450.59,1,0,1,1
,,,,,,,1059,12637.599,1,0,1,1
,,,,,,,1060,12141.836,1,0,1,1
,,,,,,,1061,11883.948,1,0,1,1
,,,,,,,1062,11823.556,1,0,1,1
,,,,,,,1063,12024.09,1,0,1,1
,,,,,,,1064,12634.678,1,0,1,1
,,,,,,,1065,13564.151,1,0,1,1
,,,,,,,1066,14255.165,1,0,1,1
,,,,,,,1067,14928.971,1,0,1,1
,,,,,,,1068,15612.322,1,0,1,1
,,,,,,,1069,16136.87,1,0,1,1
,,,,,,,1070,16424.715,1,0,1,1
,,,,,,,1071,16419.401,1,0,1,1
,,,,,,,1072,16241.61,1,0,1,1
,,,,,,,1073,15942.701,1,0,1,1
,,,,,,,1074,15648.635,1,0,1,1
,,,,,,,1075,15811.510750000001,1,0,1,4
,,,,,,,1076,15404.822,1,0,1,1
,,,,,,,1077,14569.662,1,0,1,1
,,,,,,,1078,13498.514,1,0,1,1
,,,,,,,1079,12724.751222222221,1,0,1,9
,,,,,,,1080,16137.273,1,0,1,1
,,,,,,,1081,16321.044,1,0,1,1
,,,,,,,1082,16398.044,1,0,1,1
,,,,,,,1083,16393.629,1,0,1,1
,,,,,,,1084,16234.596,1,0,1,2
,,,,,,,1085,15955.03,1,0,1,1
,,,,,,,1086,15852.96,1,0,1,1
,,,,,,,1087,15945.35,1,0,1,1
,,,,,,,1088,16277.68,1,0,1,1
,,,,,,,1089,16609.92,1,0,1,1
,,,,,,,1090,17002.887000000002,1,0,1,2
,,,,,,,1091,13887.723272727271,1,0,1,11
,,,,,,,1092,16513.802,1,0,1,1
,,,,,,,1093,16464.957,1,0,1,1
,,,,,,,1094,16406.602,1,0,1,1
,,,,,,,1095,16252.596,1,0,1,1
,,,,,,,1096,15787.117666666665,1,0,1,3
,,,,,,,1097,15282.679,1,0,1,1
,,,,,,,1098,15236.318,1,0,1,1
,,,,,,,1099,15447.91,1,0,1,1
,,,,,,,1100,13989.851799999999,1,0,1,10
,,,,,,,1101,12243.27,1,0,1,1
,,,,,,,1102,13281.119,1,0,1,1
,,,,,,,1103,15086.532,1,0,1,1
,,,,,,,1104,16034.727,1,0,1,1
,,,,,,,1105,16132.477,1,0,1,1
,,,,,,,1106,16028.565,1,0,1,1
,,,,,,,1107,15977.597,1,0,1,1
,,,,,,,1108,15794.739,1,0,1,1
,,,,,,,1109,15533.019,1,0,1,1
,,,,,,,1110,15118.329000000002,1,0,1,2
,,,,,,,1111,14571.322,1,0,1,1
,,,,,,,1112,14370.331,1,0,1,1
,,,,,,,1113,14367.509,1,0,1,1
,,,,,,,1114,14927.774333333335,1,0,1,3
,,,,,,,1115,14449.205,1,0,1,1
,,,,,,,1116,13610.213,1,0,1,1
,,,,,,,1117,12718.416,1,0,1,1
,,,,,,,1118,11792.777833333332,1,0,1,6
,,,,,,,1119,12934.89,1,0,1,1
,,,,,,,1120,13667.321,1,0,1,1
,,,,,,,1121,14313.649,1,0,1,1
,,,,,,,1122,14678.603,1,0,1,1
,,,,,,,1123,14832.764,1,0,1,1
,,,,,,,1124,14732.696,1,0,1,1
,,,,,,,1125,14455.67,1,0,1,1
,,,,,,,1126,14098.25,1,0,1,1
,,,,,,,1127,13794.702,1,0,1,1
,,,,,,,1128,13564.892,1,0,1,1
,,,,,,,1129,13629.432,1,0,1,1
,,,,,,,1130,13894.633,1,0,1,1
,,,,,,,1131,14251.035,1,0,1,1
,,,,,,,1132,14747.872,1,0,1,1
,,,,,,,1133,14493.607,1,0,1,1
,,,,,,,1134,13948.474,1,0,1,1
,,,,,,,1135,11631.358799999998,1,0,1,10
,,,,,,,1136,13266.936,1,0,1,1
,,,,,,,1137,13898.183,1,0,1,1
,,,,,,,1138,14241.568,1,0,1,1
,,,,,,,1139,14091.3566,1,0,1,5
,,,,,,,1140,13687.234,1,0,1,1
,,,,,,,1141,13897.753,1,0,1,1
,,,,,,,1142,14230.311,1,0,1,1
,,,,,,,1143,14993.733,1,0,1,1
,,,,,,,1144,14791.591,1,0,1,1
,,,,,,,1145,13973.991,1,0,1,1
,,,,,,,1146,11641.656,1,0,1,8
,,,,,,,1147,14876.8905,1,0,1,2
,,,,,,,1148,15329.543,1,0,1,1
,,,,,,,1149,15242.457,1,0,1,1
,,,,,,,1150,15247.37,1,0,1,1
,,,,,,,1151,15170.195,1,0,1,1
,,,,,,,1152,14853.0825,1,0,1,2
,,,,,,,1153,14393.289,1,0,1,1
,,,,,,,1154,14080.107,1,0,1,1
,,,,,,,1155,14031.28,1,0,1,1
,,,,,,,1156,14262.895,1,0,1,1
,,,,,,,1157,14564.467,1,0,1,1
,,,,,,,1158,15218.97,1,0,1,1
,,,,,,,1159,14942.216,1,0,1,1
,,,,,,,1160,14058.636,1,0,1,1
,,,,,,,1161,12848.325,1,0,1,1
,,,,,,,1162,11409.7555,1,0,1,2
,,,,,,,1163,10683.072,1,0,1,1
,,,,,,,1164,10510.255,1,0,1,1
,,,,,,,1165,10709.132000000001,1,0,1,2
,,,,,,,1166,11972.186,1,0,1,1
,,,,,,,1167,13842.236,1,0,1,1
,,,,,,,1168,14772.591,1,0,1,1
,,,,,,,1169,14911.001,1,0,1,1
,,,,,,,1170,14894.638,1,0,1,1
,,,,,,,1171,14859.676,1,0,1,1
,,,,,,,1172,14756.828,1,0,1,1
,,,,,,,1173,14439.4535,1,0,1,2
,,,,,,,1174,14129.786,1,0,1,1
,,,,,,,1175,13943.731,1,0,1,1
,,,,,,,1176,13908.155,1,0,1,1
,,,,,,,1177,14090.911,1,0,1,1
,,,,,,,1178,14315.524,1,0,1,1
,,,,,,,1179,14796.688999999998,1,0,1,2
,,,,,,,1180,12622.047,1,0,1,3
,,,,,,,1181,10849.841,1,0,1,1
,,,,,,,1182,10517.867,1,0,1,1
,,,,,,,1183,10572.902,1,0,1,3
,,,,,,,1184,11925.87,1,0,1,1
,,,,,,,1185,13806.684,1,0,1,1
,,,,,,,1186,14801.507,1,0,1,1
,,,,,,,1187,15099.303,1,0,1,1
,,,,,,,1188,15253.362,1,0,1,1
,,,,,,,1189,15436.1,1,0,1,1
,,,,,,,1190,15485.841,1,0,1,1
,,,,,,,1191,15432.939666666665,1,0,1,3
,,,,,,,1192,15190.757,1,0,1,1
,,,,,,,1193,15279.262,1,0,1,1
,,,,,,,1194,15644.457,1,0,1,1
,,,,,,,1195,16424.2785,1,0,1,4
,,,,,,,1196,14647.551,1,0,1,1
,,,,,,,1197,12942.428714285716,1,0,1,7
,,,,,,,1198,16214.8555,1,0,1,2
,,,,,,,1199,16621.824,1,0,1,1
,,,,,,,1200,16483.555,1,0,1,1
,,,,,,,1201,16457.237,1,0,1,1
,,,,,,,1202,16324.209,1,0,1,1
,,,,,,,1203,16055.762,1,0,1,1
,,,,,,,1204,15815.491,1,0,1,1
,,,,,,,1205,15430.911,1,0,1,1
,,,,,,,1206,15053.431,1,0,1,1
,,,,,,,1207,14913.292,1,0,1,1
,,,,,,,1208,15086.979,1,0,1,1
,,,,,,,1209,15376.245,1,0,1,1
,,,,,,,1210,15979.573,1,0,1,2
,,,,,,,1211,15085.239,1,0,1,1
,,,,,,,1212,13870.517,1,0,1,1
,,,,,,,1213,12775.422,1,0,1,1
,,,,,,,1214,12067.855,1,0,1,1
,,,,,,,1215,11709.064,1,0,1,1
,,,,,,,1216,11655.24,1,0,1,3
,,,,,,,1217,12868.165,1,0,1,1
,,,,,,,1218,14625.489,1,0,1,1
,,,,,,,1219,15559.161,1,0,1,1
,,,,,,,1220,15783.047,1,0,1,1
,,,,,,,1221,15860.693,1,0,1,1
,,,,,,,1222,15944.424,1,0,1,1
,,,,,,,1223,15922.221,1,0,1,1
,,,,,,,1224,15776.052,1,0,1,1
,,,,,,,1225,15707.6,1,0,1,1
,,,,,,,1226,15085.093,1,0,1,8
,,,,,,,1227,12516.452000000001,1,0,1,2
,,,,,,,1228,11231.017,1,0,1,1
,,,,,,,1229,10647.055499999999,1,0,1,2
,,,,,,,1230,10437.661,1,0,1,1
,,,,,,,1231,10714.795,1,0,1,2
,,,,,,,1232,11646.853,1,0,1,1
,,,,,,,1233,12428.082,1,0,1,1
,,,,,,,1234,13310.564,1,0,1,1
,,,,,,,1235,13901.989,1,0,1,1
,,,,,,,1236,14136.74,1,0,1,1
,,,,,,,1237,13993.384333333333,1,0,1,3
,,,,,,,1238,13687.104,1,0,1,1
,,,,,,,1239,13770.7475,1,0,1,4
,,,,,,,1240,14264.399,1,0,1,1
,,,,,,,1241,14054.028,1,0,1,1
,,,,,,,1242,13501.977,1,0,1,1
,,,,,,,1243,12718.297,1,0,1,1
,,,,,,,1244,11876.577,1,0,1,1
,,,,,,,1245,10867.12525,1,0,1,4
,,,,,,,1246,11117.176333333335,1,0,1,3
,,,,,,,1247,12179.216,1,0,1,1
,,,,,,,1248,12923.042,1,0,1,1
,,,,,,,1249,13501.643,1,0,1,1
,,,,,,,1250,13895.0235,1,0,1,2
,,,,,,,1251,13930.171,1,0,1,1
,,,,,,,1252,13706.652666666669,1,0,1,3
,,,,,,,1253,13932.705,1,0,1,1
,,,,,,,1254,14385.736,1,0,1,1
,,,,,,,1255,14785.502666666667,1,0,1,3
,,,,,,,1256,13733.705,1,0,1,1
,,,,,,,1257,12600.098,1,0,1,1
,,,,,,,1258,11586.709,1,0,1,1
,,,,,,,1259,10680.707333333332,1,0,1,3
,,,,,,,1260,10521.207,1,0,1,1
,,,,,,,1261,10909.396,1,0,1,1
,,,,,,,1262,11997.487,1,0,1,1
,,,,,,,1263,13854.905,1,0,1,1
,,,,,,,1264,15438.858999999997,1,0,1,13
,,,,,,,1265,15216.269,1,0,1,1
,,,,,,,1266,14197.23,1,0,1,1
,,,,,,,1267,12327.4575,1,0,1,2
,,,,,,,1268,11058.87,1,0,1,1
,,,,,,,1269,10666.182,1,0,1,1
,,,,,,,1270,10489.686,1,0,1,1
,,,,,,,1271,10470.556,1,0,1,1
,,,,,,,1272,10817.958,1,0,1,1
,,,,,,,1273,11876.314,1,0,1,1
,,,,,,,1274,13700.943,1,0,1,1
,,,,,,,1275,14946.210333333334,1,0,1,3
,,,,,,,1276,15087.898,1,0,1,4
,,,,,,,1277,14857.139,1,0,1,1
,,,,,,,1278,14852.79,1,0,1,1
,,,,,,,1279,15018.122,1,0,1,1
,,,,,,,1280,15353.783,1,0,1,1
,,,,,,,1281,15491.304333333333,1,0,1,3
,,,,,,,1282,14204.033,1,0,1,1
,,,,,,,1283,12883.583,1,0,1,1
,,,,,,,1284,11749.645,1,0,1,1
,,,,,,,1285,10706.971666666666,1,0,1,3
,,,,,,,1286,10614.206999999999,1,0,1,2
,,,,,,,1287,11825.824,1,0,1,1
,,,,,,,1288,13674.72,1,0,1,1
,,,,,,,1289,14643.423,1,0,1,1
,,,,,,,1290,14835.375,1,0,1,1
,,,,,,,1291,14901.54,1,0,1,1
,,,,,,,1292,14959.145,1,0,1,1
,,,,,,,1293,14856.516,1,0,1,1
,,,,,,,1294,14668.876,1,0,1,1
,,,,,,,1295,14553.825,1,0,1,1
,,,,,,,1296,14370.638,1,0,1,1
,,,,,,,1297,14217.029,1,0,1,1
,,,,,,,1298,14290.208,1,0,1,1
,,,,,,,1299,14568.011,1,0,1,1
,,,,,,,1300,14773.02,1,0,1,1
,,,,,,,1301,15141.955,1,0,1,2
,,,,,,,1302,14151.697,1,0,1,1
,,,,,,,1303,12913.163,1,0,1,1
,,,,,,,1304,11003.239,1,0,1,5
,,,,,,,1305,11065.811,1,0,1,1
,,,,,,,1306,12196.815,1,0,1,1
,,,,,,,1307,14024.34,1,0,1,1
,,,,,,,1308,14888.353,1,0,1,1
,,,,,,,1309,14855.205,1,0,1,1
,,,,,,,1310,14816.103,1,0,1,1
,,,,,,,1311,14814.444,1,0,1,1
,,,,,,,1312,14742.41,1,0,1,1
,,,,,,,1313,14546.904,1,0,1,1
,,,,,,,1314,14372.144,1,0,1,1
,,,,,,,1315,14031.637,1,0,1,1
,,,,,,,1316,13770.097,1,0,1,1
,,,,,,,1317,13713.645,1,0,1,1
,,,,,,,1318,13910.502,1,0,1,1
,,,,,,,1319,14197.41,1,0,1,1
,,,,,,,1320,14822.207,1,0,1,1
,,,,,,,1321,14634.106,1,0,1,1
,,,,,,,1322,13789.694,1,0,1,1
,,,,,,,1323,12568.935,1,0,1,1
,,,,,,,1324,11478.92,1,0,1,1
,,,,,,,1325,10449.1954,1,0,1,5
,,,,,,,1326,11610.015,1,0,1,1
,,,,,,,1327,13369.299,1,0,1,1
,,,,,,,1328,14462.752,1,0,1,1
,,,,,,,1329,15161.228833333333,1,0,1,6
,,,,,,,1330,15109.898,1,0,1,1
,,,,,,,1331,15075.406,1,0,1,1
,,,,,,,1332,15264.7445,1,0,1,2
,,,,,,,1333,15070.40825,1,0,1,4
,,,,,,,1334,13295.644,1,0,1,1
,,,,,,,1335,12300.111,1,0,1,1
,,,,,,,1336,11206.930857142856,1,0,1,7
,,,,,,,1337,12730.668,1,0,1,1
,,,,,,,1338,13696.693,1,0,1,1
,,,,,,,1339,14425.158,1,0,1,1
,,,,,,,1340,14834.153,1,0,1,1
,,,,,,,1341,14469.098090909089,1,0,1,11
,,,,,,,1342,12924.669,1,0,1,1
,,,,,,,1343,12007.606,1,0,1,1
,,,,,,,1344,11052.876,1,0,1,2
,,,,,,,1345,10528.339,1,0,1,3
,,,,,,,1346,10788.556,1,0,1,1
,,,,,,,1347,11250.113,1,0,1,1
,,,,,,,1348,11911.663,1,0,1,1
,,,,,,,1349,12687.143,1,0,1,1
,,,,,,,1350,13130.466,1,0,1,1
,,,,,,,1351,13306.123,1,0,1,1
,,,,,,,1352,13357.326,1,0,1,1
,,,,,,,1353,13119.4105,1,0,1,2
,,,,,,,1354,12679.413,1,0,1,1
,,,,,,,1355,12473.194,1,0,1,1
,,,,,,,1356,12570.833,1,0,1,1
,,,,,,,1357,12888.126,1,0,1,1
,,,,,,,1358,13476.338500000002,1,0,1,2
,,,,,,,1359,13785.473,1,0,1,1
,,,,,,,1360,12988.471,1,0,1,1
,,,,,,,1361,11924.887,1,0,1,1
,,,,,,,1362,10351.55675,1,0,1,4
,,,,,,,1363,10086.863,1,0,1,1
,,,,,,,1364,10535.717,1,0,1,1
,,,,,,,1365,11689.222,1,0,1,1
,,,,,,,1366,13490.721,1,0,1,1
,,,,,,,1367,14412.913,1,0,1,1
,,,,,,,1368,14522.254,1,0,1,1
,,,,,,,1369,14473.408,1,0,1,1
,,,,,,,1370,14468.037,1,0,1,1
,,,,,,,1371,14393.117,1,0,1,1
,,,,,,,1372,14099.085666666666,1,0,1,3
,,,,,,,1373,13638.215,1,0,1,1
,,,,,,,1374,13534.885,1,0,1,1
,,,,,,,1375,13703.433,1,0,1,1
,,,,,,,1376,13905.763,1,0,1,1
,,,,,,,1377,14433.090499999998,1,0,1,2
,,,,,,,1378,13407.441,1,0,1,1
,,,,,,,1379,12161.295,1,0,1,1
,,,,,,,1380,11067.571,1,0,1,1
,,,,,,,1381,10368.336,1,0,1,1
,,,,,,,1382,9994.912,1,0,1,1
,,,,,,,1383,9851.24,1,0,1,1
,,,,,,,1384,9854.337,1,0,1,1
,,,,,,,1385,10203.207,1,0,1,1
,,,,,,,1386,11257.227,1,0,1,1
,,,,,,,1387,13138.325,1,0,1,1
,,,,,,,1388,14303.389,1,0,1,1
,,,,,,,1389,14799.5645,1,0,1,2
,,,,,,,1390,15135.899,1,0,1,1
,,,,,,,1391,15198.838333333333,1,0,1,3
,,,,,,,1392,14939.8925,1,0,1,2
,,,,,,,1393,15074.558,1,0,1,1
,,,,,,,1394,15312.497,1,0,1,1
,,,,,,,1395,15380.096000000001,1,0,1,2
,,,,,,,1396,15054.245,1,0,1,1
,,,,,,,1397,14110.689,1,0,1,1
,,,,,,,1398,12772.581,1,0,1,1
,,,,,,,1399,11642.219,1,0,1,1
,,,,,,,1400,10917.228,1,0,1,1
,,,,,,,1401,10448.106749999999,1,0,1,4
,,,,,,,1402,11709.885,1,0,1,1
,,,,,,,1403,13524.014,1,0,1,1
,,,,,,,1404,14578.156,1,0,1,1
,,,,,,,1405,14838.969,1,0,1,1
,,,,,,,1406,14910.741,1,0,1,1
,,,,,,,1407,14901.672,1,0,1,1
,,,,,,,1408,14638.396333333332,1,0,1,3
,,,,,,,1409,14213.3665,1,0,1,2
,,,,,,,1410,14192.614,1,0,1,1
,,,,,,,1411,14405.238,1,0,1,1
,,,,,,,1412,14795.209,1,0,1,3
,,,,,,,1413,13904.992,1,0,1,1
,,,,,,,1414,12640.865,1,0,1,1
,,,,,,,1415,11522.896,1,0,1,1
,,,,,,,1416,10428.698,1,0,1,5
,,,,,,,1417,11620.631,1,0,1,1
,,,,,,,1418,13455.304,1,0,1,1
,,,,,,,1419,14593.998,1,0,1,1
,,,,,,,1420,14998.612,1,0,1,1
,,,,,,,1421,15239.611,1,0,1,1
,,,,,,,1422,15435.955,1,0,1,1
,,,,,,,1423,15474.055,1,0,1,1
,,,,,,,1424,15443.546,1,0,1,1
,,,,,,,1425,15405.187,1,0,1,2
,,,,,,,1426,15337.567,1,0,1,2
,,,,,,,1427,15541.361499999999,1,0,1,2
,,,,,,,1428,15502.782,1,0,1,1
,,,,,,,1429,15108.584,1,0,1,1
,,,,,,,1430,14152.906,1,0,1,1
,,,,,,,1431,12817.064,1,0,1,1
,,,,,,,1432,10641.021999999999,1,0,1,6
,,,,,,,1433,11471.591,1,0,1,1
,,,,,,,1434,13148.66,1,0,1,1
,,,,,,,1435,14087.298,1,0,1,1
,,,,,,,1436,14305.395,1,0,1,1
,,,,,,,1437,14424.669,1,0,1,1
,,,,,,,1438,14561.087500000001,1,0,1,2
,,,,,,,1439,14361.572,1,0,1,1
,,,,,,,1440,14089.96,1,0,1,2
,,,,,,,1441,13827.676,1,0,1,1
,,,,,,,1442,13894.303,1,0,1,1
,,,,,,,1443,14040.3975,1,0,1,2
,,,,,,,1444,14295.182,1,0,1,1
,,,,,,,1445,14173.937,1,0,1,1
,,,,,,,1446,13518.633,1,0,1,1
,,,,,,,1447,10914.705222222221,1,0,1,9
,,,,,,,1448,12238.397,1,0,1,1
,,,,,,,1449,13048.706,1,0,1,1
,,,,,,,1450,13561.615,1,0,1,1
,,,,,,,1451,13768.895,1,0,1,1
,,,,,,,1452,13328.00375,1,0,1,4
,,,,,,,1453,12726.181,1,0,1,1
,,,,,,,1454,12697.053,1,0,1,1
,,,,,,,1455,12833.212,1,0,1,1
,,,,,,,1456,12990.252,1,0,1,1
,,,,,,,1457,13389.208,1,0,1,2
,,,,,,,1458,12840.319,1,0,1,1
,,,,,,,1459,12041.637,1,0,1,1
,,,,,,,1460,11175.222,1,0,1,1
,,,,,,,1461,10112.8744,1,0,1,5
,,,,,,,1462,10365.129,1,0,1,1
,,,,,,,1463,10822.226,1,0,1,1
,,,,,,,1464,11405.526,1,0,1,1
,,,,,,,1465,12019.622,1,0,1,1
,,,,,,,1466,12465.202,1,0,1,1
,,,,,,,1467,12667.091,1,0,1,1
,,,,,,,1468,12710.208,1,0,1,1
,,,,,,,1469,12533.879,1,0,1,2
,,,,,,,1470,12179.799,1,0,1,1
,,,,,,,1471,11987.616,1,0,1,1
,,,,,,,1472,12046.222,1,0,1,1
,,,,,,,1473,12324.773,1,0,1,1
,,,,,,,1474,12533.947,1,0,1,1
,,,,,,,1475,13105.412,1,0,1,1
,,,,,,,1476,13230.091,1,0,1,1
,,,,,,,1477,12416.166,1,0,1,1
,,,,,,,1478,11312.337,1,0,1,1
,,,,,,,1479,10017.988,1,0,1,2
,,,,,,,1480,9387.345,1,0,1,1
,,,,,,,1481,9260.102,1,0,1,1
,,,,,,,1482,9507.968,1,0,1,2
,,,,,,,1483,10760.286,1,0,1,1
,,,,,,,1484,12379.495,1,0,1,1
,,,,,,,1485,13366.697,1,0,1,1
,,,,,,,1486,13598.286,1,0,1,1
,,,,,,,1487,13824.877,1,0,1,1
,,,,,,,1488,14065.74,1,0,1,1
,,,,,,,1489,14159.682,1,0,1,1
,,,,,,,1490,14157.852,1,0,1,1
,,,,,,,1491,14151.888,1,0,1,1
,,,,,,,1492,13963.335,1,0,1,1
,,,,,,,1493,13791.114,1,0,1,1
,,,,,,,1494,13690.31,1,0,1,1
,,,,,,,1495,13711.503,1,0,1,1
,,,,,,,1496,13668.153,1,0,1,1
,,,,,,,1497,13980.735,1,0,1,2
,,,,,,,1498,12965.994,1,0,1,1
,,,,,,,1499,9884.929142857143,1,0,1,7
,,,,,,,1500,11185.691,1,0,1,2
,,,,,,,1501,13019.867,1,0,1,1
,,,,,,,1502,13422.819,1,0,1,1
,,,,,,,1503,13778.199,1,0,1,1
,,,,,,,1504,14138.154,1,0,1,1
,,,,,,,1505,14549.916333333333,1,0,1,3
,,,,,,,1506,14693.391,1,0,1,1
,,,,,,,1507,14581.165,1,0,1,1
,,,,,,,1508,14468.89,1,0,1,1
,,,,,,,1509,14402.252,1,0,1,1
,,,,,,,1510,14207.703,1,0,1,1
,,,,,,,1511,14382.3635,1,0,1,2
,,,,,,,1512,13288.698,1,0,1,1
,,,,,,,1513,11947.115,1,0,1,1
,,,,,,,1514,10756.155,1,0,1,1
,,,,,,,1515,9489.073400000001,1,0,1,5
,,,,,,,1516,10376.577,1,0,1,1
,,,,,,,1517,11841.919,1,0,1,1
,,,,,,,1518,12942.811,1,0,1,1
,,,,,,,1519,13443.45,1,0,1,1
,,,,,,,1520,14066.300666666668,1,0,1,3
,,,,,,,1521,14114.739000000001,1,0,1,3
,,,,,,,1522,13867.546,1,0,1,1
,,,,,,,1523,13843.378,1,0,1,1
,,,,,,,1524,13833.732,1,0,1,1
,,,,,,,1525,13698.974,1,0,1,1
,,,,,,,1526,13898.305,1,0,1,1
,,,,,,,1527,13899.288,1,0,1,1
,,,,,,,1528,12967.62,1,0,1,1
,,,,,,,1529,11681.254,1,0,1,1
,,,,,,,1530,10533.489,1,0,1,1
,,,,,,,1531,9584.532,1,0,1,2
,,,,,,,1532,9189.083,1,0,1,1
,,,,,,,1533,9180.115,1,0,1,1
,,,,,,,1534,9508.605,1,0,1,1
,,,,,,,1535,10509.443,1,0,1,1
,,,,,,,1536,12051.357,1,0,1,1
,,,,,,,1537,13096.988,1,0,1,1
,,,,,,,1538,13493.975,1,0,1,1
,,,,,,,1539,13704.225,1,0,1,1
,,,,,,,1540,13868.92,1,0,1,1
,,,,,,,1541,13857.807,1,0,1,1
,,,,,,,1542,13808.417,1,0,1,1
,,,,,,,1543,13773.656,1,0,1,1
,,,,,,,1544,13547.457,1,0,1,1
,,,,,,,1545,13308.329,1,0,1,1
,,,,,,,1546,13189.567,1,0,1,1
,,,,,,,1547,13223.119,1,0,1,1
,,,,,,,1548,13310.512,1,0,1,1
,,,,,,,1549,13686.196,1,0,1,1
,,,,,,,1550,13680.618,1,0,1,1
,,,,,,,1551,12881.812,1,0,1,1
,,,,,,,1552,11722.758,1,0,1,1
,,,,,,,1553,10620.952,1,0,1,1
,,,,,,,1554,9585.148799999999,1,0,1,5
,,,,,,,1555,10544.869,1,0,1,1
,,,,,,,1556,11749.999,1,0,1,1
,,,,,,,1557,12656.822,1,0,1,1
,,,,,,,1558,13058.196,1,0,1,1
,,,,,,,1559,13319.871,1,0,1,1
,,,,,,,1560,13516.465,1,0,1,1
,,,,,,,1561,13554.547,1,0,1,1
,,,,,,,1562,13398.4285,1,0,1,2
,,,,,,,1563,13071.49,1,0,1,1
,,,,,,,1564,12799.871,1,0,1,1
,,,,,,,1565,12683.48,1,0,1,1
,,,,,,,1566,12668.521,1,0,1,1
,,,,,,,1567,12596.49,1,0,1,1
,,,,,,,1568,12796.929,1,0,1,1
,,,,,,,1569,12944.649,1,0,1,1
,,,,,,,1570,12341.349,1,0,1,1
,,,,,,,1571,11403.64,1,0,1,1
,,,,,,,1572,10452.921,1,0,1,1
,,,,,,,1573,9425.049333333334,1,0,1,3
,,,,,,,1574,9187.771,1,0,1,2
,,,,,,,1575,9653.553,1,0,1,1
,,,,,,,1576,10232.523,1,0,1,1
,,,,,,,1577,11051.207,1,0,1,1
,,,,,,,1578,11805.925,1,0,1,1
,,,,,,,1579,12335.05,1,0,1,1
,,,,,,,1580,12578.979,1,0,1,1
,,,,,,,1581,12637.395,1,0,1,1
,,,,,,,1582,12539.029,1,0,1,1
,,,,,,,1583,12286.674,1,0,1,1
,,,,,,,1584,12053.902,1,0,1,1
,,,,,,,1585,11908.815,1,0,1,1
,,,,,,,1586,11955.723,1,0,1,1
,,,,,,,1587,12158.824,1,0,1,1
,,,,,,,1588,12521.0825,1,0,1,2
,,,,,,,1589,12600.97,1,0,1,1
,,,,,,,1590,9638.6199,1,0,1,10
,,,,,,,1591,10196.084,1,0,1,1
,,,,,,,1592,11204.048,1,0,1,1
,,,,,,,1593,11989.378,1,0,1,1
,,,,,,,1594,12455.732,1,0,1,1
,,,,,,,1595,12652.242666666667,1,0,1,3
,,,,,,,1596,12202.507,1,0,1,1
,,,,,,,1597,12074.865,1,0,1,1
,,,,,,,1598,12075.649,1,0,1,1
,,,,,,,1599,12169.868,1,0,1,1
,,,,,,,1600,12285.081,1,0,1,1
,,,,,,,1601,12870.618,1,0,1,2
,,,,,,,1602,11864.772,1,0,1,2
,,,,,,,1603,9516.487142857144,1,0,1,7
,,,,,,,1604,11259.982,1,0,1,1
,,,,,,,1605,12457.512,1,0,1,1
,,,,,,,1606,13241.537,1,0,1,1
,,,,,,,1607,13760.459,1,0,1,1
,,,,,,,1608,14130.786,1,0,1,1
,,,,,,,1609,14300.05,1,0,1,1
,,,,,,,1610,14312.618,1,0,1,1
,,,,,,,1611,14262.668,1,0,1,1
,,,,,,,1612,13992.819,1,0,1,1
,,,,,,,1613,13692.238,1,0,1,1
,,,,,,,1614,13600.611,1,0,1,1
,,,,,,,1615,13603.954,1,0,1,1
,,,,,,,1616,13581.8935,1,0,1,2
,,,,,,,1617,13654.426,1,0,1,1
,,,,,,,1618,12703.461,1,0,1,1
,,,,,,,1619,11440.184,1,0,1,1
,,,,,,,1620,10295.706,1,0,1,1
,,,,,,,1621,9589.922,1,0,1,1
,,,,,,,1622,9074.954,1,0,1,2
,,,,,,,1623,9439.031,1,0,1,3
,,,,,,,1624,11531.731,1,0,1,1
,,,,,,,1625,12648.521,1,0,1,1
,,,,,,,1626,13119.916,1,0,1,1
,,,,,,,1627,13432.838,1,0,1,1
,,,,,,,1628,13671.320600000001,1,0,1,5
,,,,,,,1629,13271.976,1,0,1,1
,,,,,,,1630,13153.932,1,0,1,1
,,,,,,,1631,13197.635,1,0,1,1
,,,,,,,1632,13249.065,1,0,1,1
,,,,,,,1633,13365.994,1,0,1,3
,,,,,,,1634,11660.722,1,0,1,1
,,,,,,,1635,9868.134999999998,1,0,1,7
,,,,,,,1636,12066.864,1,0,1,1
,,,,,,,1637,13147.021,1,0,1,1
,,,,,,,1638,13540.722,1,0,1,1
,,,,,,,1639,13731.659,1,0,1,1
,,,,,,,1640,13905.6435,1,0,1,2
,,,,,,,1641,13829.291,1,0,1,1
,,,,,,,1642,13738.938,1,0,1,1
,,,,,,,1643,13568.641,1,0,1,1
,,,,,,,1644,13447.538,1,0,1,1
,,,,,,,1645,13570.34,1,0,1,1
,,,,,,,1646,13877.467,1,0,1,1
,,,,,,,1647,14129.862333333333,1,0,1,3
,,,,,,,1648,13148.293,1,0,1,1
,,,,,,,1649,11911.93,1,0,1,1
,,,,,,,1650,10452.42,1,0,1,2
,,,,,,,1651,9556.656333333334,1,0,1,3
,,,,,,,1652,10201.943500000001,1,0,1,2
,,,,,,,1653,12045.413,1,0,1,1
,,,,,,,1654,13165.11,1,0,1,1
,,,,,,,1655,13673.261,1,0,1,1
,,,,,,,1656,13880.504,1,0,1,1
,,,,,,,1657,13884.820000000002,1,0,1,5
,,,,,,,1658,13433.437,1,0,1,1
,,,,,,,1659,13354.86,1,0,1,1
,,,,,,,1660,13348.95,1,0,1,1
,,,,,,,1661,13325.463,1,0,1,1
,,,,,,,1662,13359.658000000001,1,0,1,3
,,,,,,,1663,11648.385,1,0,1,1
,,,,,,,1664,9655.723333333333,1,0,1,6
,,,,,,,1665,10404.679,1,0,1,1
,,,,,,,1666,11852.966,1,0,1,1
,,,,,,,1667,13065.827,1,0,1,1
,,,,,,,1668,13923.273357142858,1,0,1,14
,,,,,,,1669,11935.66,1,0,1,1
,,,,,,,1670,10912.159,1,0,1,1
,,,,,,,1671,10133.161,1,0,1,1
,,,,,,,1672,9670.505,1,0,1,1
,,,,,,,1673,9685.6052,1,0,1,5
,,,,,,,1674,11305.802,1,0,1,1
,,,,,,,1675,12264.491,1,0,1,1
,,,,,,,1676,13153.5355,1,0,1,4
,,,,,,,1677,12793.31522222222,1,0,1,9
,,,,,,,1678,11528.869,1,0,1,1
,,,,,,,1679,9684.454625000002,1,0,1,8
,,,,,,,1680,10526.075,1,0,1,1
,,,,,,,1681,11194.589,1,0,1,1
,,,,,,,1682,11766.231,1,0,1,1
,,,,,,,1683,12053.624,1,0,1,1
,,,,,,,1684,12105.660666666668,1,0,1,3
,,,,,,,1685,11780.381,1,0,1,1
,,,,,,,1686,11646.006,1,0,1,1
,,,,,,,1687,11762.19,1,0,1,1
,,,,,,,1688,12013.848,1,0,1,1
,,,,,,,1689,12209.31,1,0,1,1
,,,,,,,1690,12545.076,1,0,1,1
,,,,,,,1691,12877.118,1,0,1,1
,,,,,,,1692,12108.898,1,0,1,1
,,,,,,,1693,11014.067,1,0,1,1
,,,,,,,1694,9291.664666666666,1,0,1,6
,,,,,,,1695,10400.287,1,0,1,1
,,,,,,,1696,11991.151,1,0,1,1
,,,,,,,1697,12977.148,1,0,1,1
,,,,,,,1698,13306.942,1,0,1,1
,,,,,,,1699,13565.994,1,0,1,1
,,,,,,,1700,13866.268,1,0,1,2
,,,,,,,1701,13679.1775,1,0,1,4
,,,,,,,1702,13400.651,1,0,1,1
,,,,,,,1703,13501.66,1,0,1,1
,,,,,,,1704,13494.199,1,0,1,1
,,,,,,,1705,13663.181,1,0,1,1
,,,,,,,1706,13747.008,1,0,1,1
,,,,,,,1707,12805.28,1,0,1,1
,,,,,,,1708,11491.942,1,0,1,1
,,,,,,,1709,9582.706,1,0,1,4
,,,,,,,1710,9221.769,1,0,1,2
,,,,,,,1711,10334.863,1,0,1,1
,,,,,,,1712,11933.204,1,0,1,1
,,,,,,,1713,13066.811,1,0,1,1
,,,,,,,1714,13498.328,1,0,1,1
,,,,,,,1715,13738.614,1,0,1,1
,,,,,,,1716,14011.517249999999,1,0,1,12
,,,,,,,1717,11850.338,1,0,1,1
,,,,,,,1718,10752.913,1,0,1,1
,,,,,,,1719,9634.684400000002,1,0,1,5
,,,,,,,1720,10679.066,1,0,1,1
,,,,,,,1721,12304.813,1,0,1,1
,,,,,,,1722,13671.254,1,0,1,2
,,,,,,,1723,14105.934222222224,1,0,1,9
,,,,,,,1724,14049.1425,1,0,1,2
,,,,,,,1725,13976.588,1,0,1,1
,,,,,,,1726,13063.201,1,0,1,1
,,,,,,,1727,11776.779,1,0,1,1
,,,,,,,1728,10636.642,1,0,1,1
,,,,,,,1729,9626.151666666667,1,0,1,6
,,,,,,,1730,12015.06,1,0,1,1
,,,,,,,1731,13143.79,1,0,1,1
,,,,,,,1732,13536.334,1,0,1,1
,,,,,,,1733,13877.557,1,0,1,2
,,,,,,,1734,13999.812800000003,1,0,1,5
,,,,,,,1735,13763.855,1,0,1,1
,,,,,,,1736,13717.056,1,0,1,1
,,,,,,,1737,13673.683,1,0,1,1
,,,,,,,1738,13855.059,1,0,1,1
,,,,,,,1739,13924.378,1,0,1,1
,,,,,,,1740,13045.424,1,0,1,1
,,,,,,,1741,11790.771,1,0,1,1
,,,,,,,1742,10636.914,1,0,1,1
,,,,,,,1743,9873.364,1,0,1,1
,,,,,,,1744,9255.67225,1,0,1,4
,,,,,,,1745,10260.614,1,0,1,1
,,,,,,,1746,11773.826,1,0,1,1
,,,,,,,1747,13011.755,1,0,1,1
,,,,,,,1748,13588.483,1,0,1,1
,,,,,,,1749,13902.907,1,0,1,1
,,,,,,,1750,14159.118,1,0,1,1
,,,,,,,1751,14381.457,1,0,1,1
,,,,,,,1752,14585.372,1,0,1,1
,,,,,,,1753,14787.869,1,0,1,1
,,,,,,,1754,14793.672,1,0,1,1
,,,,,,,1755,14714.753,1,0,1,1
,,,,,,,1756,14676.561,1,0,1,1
,,,,,,,1757,14480.263,1,0,1,1
,,,,,,,1758,14110.672,1,0,1,1
,,,,,,,1759,13981.229,1,0,1,1
,,,,,,,1760,14127.595,1,0,1,1
,,,,,,,1761,13380.049,1,0,1,1
,,,,,,,1762,12268.091,1,0,1,1
,,,,,,,1763,11123.964,1,0,1,1
,,,,,,,1764,9611.95275,1,0,1,4
,,,,,,,1765,9386.976999999999,1,0,1,2
,,,,,,,1766,10051.371,1,0,1,1
,,,,,,,1767,10966.37,1,0,1,1
,,,,,,,1768,11949.775,1,0,1,1
,,,,,,,1769,12684.572,1,0,1,1
,,,,,,,1770,13208.913,1,0,1,1
,,,,,,,1771,13528.122,1,0,1,1
,,,,,,,1772,13747.724,1,0,1,1
,,,,,,,1773,13716.4,1,0,1,1
,,,,,,,1774,13691.065,1,0,1,1
,,,,,,,1775,13718.565,1,0,1,1
,,,,,,,1776,13788.205,1,0,1,1
,,,,,,,1777,13765.478,1,0,1,1
,,,,,,,1778,13536.363,1,0,1,1
,,,,,,,1779,13328.548,1,0,1,1
,,,,,,,1780,13117.635999999999,1,0,1,2
,,,,,,,1781,11783.025,1,0,1,1
,,,,,,,1782,10719.793,1,0,1,1
,,,,,,,1783,9119.916142857142,1,0,1,7
,,,,,,,1784,9880.923,1,0,1,1
,,,,,,,1785,10758.009,1,0,1,1
,,,,,,,1786,11459.665,1,0,1,1
,,,,,,,1787,11861.643,1,0,1,1
,,,,,,,1788,12107.021,1,0,1,1
,,,,,,,1789,12191.167,1,0,1,1
,,,,,,,1790,12100.475,1,0,1,1
,,,,,,,1791,11992.807,1,0,1,1
,,,,,,,1792,11979.785,1,0,1,1
,,,,,,,1793,12375.921,1,0,1,2
,,,,,,,1794,12769.573,1,0,1,2
,,,,,,,1795,12850.269,1,0,1,1
,,,,,,,1796,12063.964,1,0,1,1
,,,,,,,1797,10929.079,1,0,1,1
,,,,,,,1798,9217.108999999999,1,0,1,6
,,,,,,,1799,10244.556,1,0,1,1
,,,,,,,1800,11936.216,1,0,1,1
,,,,,,,1801,13076.842,1,0,1,1
,,,,,,,1802,13525.848,1,0,1,1
,,,,,,,1803,13786.886,1,0,1,1
,,,,,,,1804,13986.826,1,0,1,1
,,,,,,,1805,13993.284,1,0,1,3
,,,,,,,1806,13894.591,1,0,1,1
,,,,,,,1807,13804.501,1,0,1,1
,,,,,,,1808,13841.115,1,0,1,1
,,,,,,,1809,13905.8788,1,0,1,5
,,,,,,,1810,11746.209,1,0,1,1
,,,,,,,1811,10591.909,1,0,1,1
,,,,,,,1812,9896.266,1,0,1,1
,,,,,,,1813,9401.562000000002,1,0,1,4
,,,,,,,1814,10539.948,1,0,1,1
,,,,,,,1815,12205.228,1,0,1,1
,,,,,,,1816,13412.745,1,0,1,1
,,,,,,,1817,14179.358400000001,1,0,1,5
,,,,,,,1818,14333.14,1,0,1,1
,,,,,,,1819,14128.0055,1,0,1,2
,,,,,,,1820,14038.835,1,0,1,1
,,,,,,,1821,13983.9895,1,0,1,2
,,,,,,,1822,13903.869,1,0,1,1
,,,,,,,1823,14050.527,1,0,1,1
,,,,,,,1824,13119.206,1,0,1,1
,,,,,,,1825,11171.9385,1,0,1,2
,,,,,,,1826,9797.172,1,0,1,1
,,,,,,,1827,9251.766,1,0,1,4
,,,,,,,1828,10317.746,1,0,1,1
,,,,,,,1829,11905.157,1,0,1,1
,,,,,,,1830,12990.87,1,0,1,1
,,,,,,,1831,13370.908,1,0,1,1
,,,,,,,1832,13840.086499999998,1,0,1,4
,,,,,,,1833,13798.656,1,0,1,1
,,,,,,,1834,13591.139,1,0,1,1
,,,,,,,1835,13444.493,1,0,1,1
,,,,,,,1836,13387.268,1,0,1,1
,,,,,,,1837,13399.063,1,0,1,1
,,,,,,,1838,13356.368,1,0,1,1
,,,,,,,1839,13373.267666666667,1,0,1,3
,,,,,,,1840,11690.509,1,0,1,1
,,,,,,,1841,10542.821,1,0,1,1
,,,,,,,1842,9819.85,1,0,1,1
,,,,,,,1843,9454.81,1,0,1,1
,,,,,,,1844,9393.477,1,0,1,3
,,,,,,,1845,10548.147,1,0,1,1
,,,,,,,1846,12161.928,1,0,1,1
,,,,,,,1847,13123.115,1,0,1,1
,,,,,,,1848,13330.135,1,0,1,1
,,,,,,,1849,13536.792,1,0,1,1
,,,,,,,1850,13712.974,1,0,1,1
,,,,,,,1851,13799.271999999999,1,0,1,3
,,,,,,,1852,13591.306,1,0,1,1
,,,,,,,1853,13379.789,1,0,1,1
,,,,,,,1854,13259.706,1,0,1,1
,,,,,,,1855,13201.679,1,0,1,1
,,,,,,,1856,13161.569,1,0,1,1
,,,,,,,1857,13418.146,1,0,1,1
,,,,,,,1858,13695.14,1,0,1,1
,,,,,,,1859,12885.787,1,0,1,1
,,,,,,,1860,11607.739,1,0,1,1
,,,,,,,1861,10466.174,1,0,1,1
,,,,,,,1862,9334.4312,1,0,1,5
,,,,,,,1863,10279.289,1,0,1,1
,,,,,,,1864,11838.15,1,0,1,1
,,,,,,,1865,13049.803,1,0,1,1
,,,,,,,1866,13939.337250000004,1,0,1,12
,,,,,,,1867,13503.667,1,0,1,1
,,,,,,,1868,10614.9305,1,0,1,6
,,,,,,,1869,9464.9225,1,0,1,4
,,,,,,,1870,11066.948,1,0,1,1
,,,,,,,1871,12059.444,1,0,1,1
,,,,,,,1872,12715.803,1,0,1,1
,,,,,,,1873,13140.956,1,0,1,2
,,,,,,,1874,13101.366,1,0,1,1
,,,,,,,1875,12863.192,1,0,1,1
,,,,,,,1876,12555.894,1,0,1,2
,,,,,,,1877,12374.127,1,0,1,1
,,,,,,,1878,12367.521,1,0,1,1
,,,,,,,1879,12324.352,1,0,1,1
,,,,,,,1880,12486.694,1,0,1,2
,,,,,,,1881,12023.909,1,0,1,1
,,,,,,,1882,11175.64,1,0,1,1
,,,,,,,1883,10254.977,1,0,1,1
,,,,,,,1884,8985.6294,1,0,1,5
,,,,,,,1885,9091.2095,1,0,1,2
,,,,,,,1886,10020.711,1,0,1,1
,,,,,,,1887,10956.857,1,0,1,1
,,,,,,,1888,11624.165,1,0,1,1
,,,,,,,1889,12028.256,1,0,1,1
,,,,,,,1890,12225.282,1,0,1,1
,,,,,,,1891,12269.745,1,0,1,1
,,,,,,,1892,12089.617,1,0,1,1
,,,,,,,1893,11930.517,1,0,1,1
,,,,,,,1894,11911.652,1,0,1,1
,,,,,,,1895,12109.087,1,0,1,1
,,,,,,,1896,12456.812,1,0,1,1
,,,,,,,1897,12624.888,1,0,1,1
,,,,,,,1898,12731.649,1,0,1,1
,,,,,,,1899,12873.881,1,0,1,1
,,,,,,,1900,12146.865,1,0,1,1
,,,,,,,1901,11027.713,1,0,1,1
,,,,,,,1902,10030.045,1,0,1,1
,,,,,,,1903,9132.7408,1,0,1,5
,,,,,,,1904,10292.395,1,0,1,1
,,,,,,,1905,11926.677,1,0,1,1
,,,,,,,1906,13048.014,1,0,1,1
,,,,,,,1907,13422.36,1,0,1,1
,,,,,,,1908,13863.117750000001,1,0,1,4
,,,,,,,1909,13830.568,1,0,1,1
,,,,,,,1910,13633.864,1,0,1,1
,,,,,,,1911,13492.127,1,0,1,1
,,,,,,,1912,13524.479,1,0,1,1
,,,,,,,1913,13672.041,1,0,1,1
,,,,,,,1914,13744.564,1,0,1,1
,,,,,,,1915,13895.9005,1,0,1,2
,,,,,,,1916,13148.178,1,0,1,1
,,,,,,,1917,11845.05,1,0,1,1
,,,,,,,1918,10711.054,1,0,1,1
,,,,,,,1919,9689.019,1,0,1,5
,,,,,,,1920,10774.257,1,0,1,1
,,,,,,,1921,12386.754,1,0,1,1
,,,,,,,1922,13395.703,1,0,1,1
,,,,,,,1923,13625.933,1,0,1,1
,,,,,,,1924,13876.946,1,0,1,4
,,,,,,,1925,13697.178333333331,1,0,1,3
,,,,,,,1926,13630.65,1,0,1,1
,,,,,,,1927,13795.647,1,0,1,1
,,,,,,,1928,13987.383666666667,1,0,1,3
,,,,,,,1929,13139.248,1,0,1,1
,,,,,,,1930,11824.485,1,0,1,1
,,,,,,,1931,9889.56742857143,1,0,1,7
,,,,,,,1932,12274.589,1,0,1,1
,,,,,,,1933,13304.008,1,0,1,1
,,,,,,,1934,13553.294,1,0,1,1
,,,,,,,1935,13833.519333333335,1,0,1,3
,,,,,,,1936,13599.2326,1,0,1,5
,,,,,,,1937,13515.899,1,0,1,1
,,,,,,,1938,13524.459,1,0,1,1
,,,,,,,1939,13501.037333333334,1,0,1,3
,,,,,,,1940,11755.32,1,0,1,1
,,,,,,,1941,9816.069999999998,1,0,1,7
,,,,,,,1942,12156.328,1,0,1,1
,,,,,,,1943,13168.083,1,0,1,1
,,,,,,,1944,13470.173,1,0,1,1
,,,,,,,1945,13776.281,1,0,1,6
,,,,,,,1946,13409.939,1,0,1,1
,,,,,,,1947,13338.923,1,0,1,1
,,,,,,,1948,13358.401,1,0,1,1
,,,,,,,1949,13335.993,1,0,1,1
,,,,,,,1950,13423.519,1,0,1,1
,,,,,,,1951,13682.748,1,0,1,1
,,,,,,,1952,12983.828,1,0,1,1
,,,,,,,1953,11718.924,1,0,1,1
,,,,,,,1954,10602.338,1,0,1,1
,,,,,,,1955,9621.474333333334,1,0,1,6
,,,,,,,1956,11980.589,1,0,1,1
,,,,,,,1957,13084.537,1,0,1,1
,,,,,,,1958,13522.854,1,0,1,1
,,,,,,,1959,13754.141,1,0,1,1
,,,,,,,1960,13844.687333333335,1,0,1,3
,,,,,,,1961,13477.833333333334,1,0,1,3
,,,,,,,1962,13092.0,1,0,1,1
,,,,,,,1963,12989.211,1,0,1,1
,,,,,,,1964,12833.75,1,0,1,1
,,,,,,,1965,12541.60475,1,0,1,4
,,,,,,,1966,10591.056,1,0,1,1
,,,,,,,1967,9382.862428571429,1,0,1,7
,,,,,,,1968,10979.467,1,0,1,1
,,,,,,,1969,11859.549,1,0,1,1
,,,,,,,1970,12491.419,1,0,1,5
,,,,,,,1971,12148.325,1,0,1,1
,,,,,,,1972,12080.231,1,0,1,1
,,,,,,,1973,12266.485499999999,1,0,1,2
,,,,,,,1974,12505.123,1,0,1,1
,,,,,,,1975,12598.98,1,0,1,1
,,,,,,,1976,12682.045,1,0,1,1
,,,,,,,1977,12191.895,1,0,1,1
,,,,,,,1978,11338.147,1,0,1,1
,,,,,,,1979,9840.614333333333,1,0,1,3
,,,,,,,1980,9237.7382,1,0,1,5
,,,,,,,1981,10564.544,1,0,1,1
,,,,,,,1982,11554.494,1,0,1,1
,,,,,,,1983,12459.896,1,0,1,2
,,,,,,,1984,12717.511,1,0,1,1
,,,,,,,1985,12640.73,1,0,1,1
,,,,,,,1986,12334.342,1,0,1,2
,,,,,,,1987,12187.821,1,0,1,1
,,,,,,,1988,12290.909,1,0,1,1
,,,,,,,1989,12488.693,1,0,1,1
,,,,,,,1990,12552.008,1,0,1,1
,,,,,,,1991,12812.708,1,0,1,2
,,,,,,,1992,12316.557,1,0,1,1
,,,,,,,1993,11231.722,1,0,1,1
,,,,,,,1994,9583.913571428571,1,0,1,7
,,,,,,,1995,12059.889,1,0,1,1
,,,,,,,1996,13309.401,1,0,1,1
,,,,,,,1997,13935.272,1,0,1,2
,,,,,,,1998,14256.386,1,0,1,1
,,,,,,,1999,14183.15825,1,0,1,4
,,,,,,,2000,13907.3745,1,0,1,2
,,,,,,,2001,13981.816,1,0,1,1
,,,,,,,2002,13884.869,1,0,1,1
,,,,,,,2003,13840.168,1,0,1,2
,,,,,,,2004,13116.131,1,0,1,1
,,,,,,,2005,11797.862,1,0,1,1
,,,,,,,2006,10657.814,1,0,1,1
,,,,,,,2007,9491.8946,1,0,1,5
,,,,,,,2008,10407.47,1,0,1,1
,,,,,,,2009,12004.852,1,0,1,1
,,,,,,,2010,13059.031,1,0,1,1
,,,,,,,2011,13413.506,1,0,1,1
,,,,,,,2012,13761.659,1,0,1,1
,,,,,,,2013,14090.306,1,0,1,1
,,,,,,,2014,14339.34,1,0,1,1
,,,,,,,2015,14527.133,1,0,1,2
,,,,,,,2016,14498.111,1,0,1,1
,,,,,,,2017,14447.146,1,0,1,1
,,,,,,,2018,14423.936,1,0,1,1
,,,,,,,2019,14350.382,1,0,1,1
,,,,,,,2020,14185.283,1,0,1,1
,,,,,,,2021,14217.975999999999,1,0,1,2
,,,,,,,2022,13555.118,1,0,1,1
,,,,,,,2023,12134.281,1,0,1,1
,,,,,,,2024,10871.105,1,0,1,1
,,,,,,,2025,9493.767249999999,1,0,1,4
,,,,,,,2026,9435.778,1,0,1,1
,,,,,,,2027,10279.935,1,0,1,1
,,,,,,,2028,11860.177,1,0,1,1
,,,,,,,2029,13100.556,1,0,1,1
,,,,,,,2030,13781.805,1,0,1,1
,,,,,,,2031,14370.593,1,0,1,1
,,,,,,,2032,14984.421,1,0,1,1
,,,,,,,2033,15561.523,1,0,1,1
,,,,,,,2034,16057.778,1,0,1,1
,,,,,,,2035,16535.706,1,0,1,1
,,,,,,,2036,16817.079,1,0,1,1
,,,,,,,2037,17034.123,1,0,1,1
,,,,,,,2038,17240.374,1,0,1,1
,,,,,,,2039,17285.138,1,0,1,1
,,,,,,,2040,17069.118,1,0,1,1
,,,,,,,2041,16842.284,1,0,1,1
,,,,,,,2042,16969.903,1,0,1,1
,,,,,,,2043,16182.436,1,0,1,1
,,,,,,,2044,14578.743,1,0,1,1
,,,,,,,2045,11556.58142857143,1,0,1,7
,,,,,,,2046,13456.947,1,0,1,1
,,,,,,,2047,15134.703,1,0,1,1
,,,,,,,2048,16302.25,1,0,1,1
,,,,,,,2049,17441.534,1,0,1,1
,,,,,,,2050,18425.973,1,0,1,1
,,,,,,,2051,19104.348,1,0,1,1
,,,,,,,2052,19613.517,1,0,1,1
,,,,,,,2053,20108.324,1,0,1,1
,,,,,,,2054,20386.922,1,0,1,1
,,,,,,,2055,20342.928,1,0,1,1
,,,,,,,2056,20372.862,1,0,1,1
,,,,,,,2057,20234.288,1,0,1,1
,,,,,,,2058,19709.605,1,0,1,1
,,,,,,,2059,19176.763,1,0,1,1
,,,,,,,2060,19026.211,1,0,1,1
,,,,,,,2061,17981.683,1,0,1,1
,,,,,,,2062,16110.169,1,0,1,1
,,,,,,,2063,14328.955,1,0,1,1
,,,,,,,2064,13107.152,1,0,1,1
,,,,,,,2065,11880.7484,1,0,1,5
,,,,,,,2066,13907.08,1,0,1,1
,,,,,,,2067,15503.733,1,0,1,1
,,,,,,,2068,16622.245,1,0,1,1
,,,,,,,2069,17610.263,1,0,1,1
,,,,,,,2070,18478.102,1,0,1,1
,,,,,,,2071,19105.333,1,0,1,1
,,,,,,,2072,19534.185,1,0,1,1
,,,,,,,2073,19851.182,1,0,1,1
,,,,,,,2074,19903.654,1,0,1,1
,,,,,,,2075,19850.755,1,0,1,1
,,,,,,,2076,19682.014,1,0,1,1
,,,,,,,2077,19218.381,1,0,1,1
,,,,,,,2078,18280.562,1,0,1,1
,,,,,,,2079,17219.703,1,0,1,1
,,,,,,,2080,16592.18,1,0,1,1
,,,,,,,2081,15477.421,1,0,1,1
,,,,,,,2082,13822.171,1,0,1,1
,,,,,,,2083,12273.54,1,0,1,1
,,,,,,,2084,10016.852,1,0,1,6
,,,,,,,2085,10224.227,1,0,1,1
,,,,,,,2086,11103.271,1,0,1,1
,,,,,,,2087,11957.127,1,0,1,1
,,,,,,,2088,12525.883,1,0,1,1
,,,,,,,2089,12857.605,1,0,1,1
,,,,,,,2090,13017.962,1,0,1,1
,,,,,,,2091,12946.996333333334,1,0,1,3
,,,,,,,2092,12819.654,1,0,1,1
,,,,,,,2093,12889.574,1,0,1,1
,,,,,,,2094,12977.66,1,0,1,1
,,,,,,,2095,12889.959,1,0,1,1
,,,,,,,2096,12650.097,1,0,1,1
,,,,,,,2097,12524.057,1,0,1,2
,,,,,,,2098,11403.261,1,0,1,1
,,,,,,,2099,10414.779,1,0,1,1
,,,,,,,2100,8994.253333333334,1,0,1,6
,,,,,,,2101,9250.297,1,0,1,1
,,,,,,,2102,10037.144,1,0,1,1
,,,,,,,2103,10989.14,1,0,1,1
,,,,,,,2104,11737.443,1,0,1,1
,,,,,,,2105,12152.955,1,0,1,1
,,,,,,,2106,12437.96775,1,0,1,4
,,,,,,,2107,12405.06,1,0,1,1
,,,,,,,2108,12581.802,1,0,1,1
,,,,,,,2109,12840.198,1,0,1,1
,,,,,,,2110,12861.253,1,0,1,1
,,,,,,,2111,12741.381333333333,1,0,1,3
,,,,,,,2112,11237.719,1,0,1,1
,,,,,,,2113,9396.719857142858,1,0,1,7
,,,,,,,2114,11640.986,1,0,1,1
,,,,,,,2115,12897.228,1,0,1,1
,,,,,,,2116,13448.745,1,0,1,1
,,,,,,,2117,13926.3315,1,0,1,2
,,,,,,,2118,14156.097,1,0,1,1
,,,,,,,2119,14127.7925,1,0,1,2
,,,,,,,2120,13957.677,1,0,1,2
,,,,,,,2121,14082.51,1,0,1,1
,,,,,,,2122,13964.590000000002,1,0,1,5
,,,,,,,2123,11691.737,1,0,1,1
,,,,,,,2124,10556.219,1,0,1,1
,,,,,,,2125,9841.594,1,0,1,1
,,,,,,,2126,9274.807333333332,1,0,1,3
,,,,,,,2127,9462.539,1,0,1,1
,,,,,,,2128,10279.191,1,0,1,1
,,,,,,,2129,11859.202,1,0,1,1
,,,,,,,2130,13028.596,1,0,1,1
,,,,,,,2131,13479.48,1,0,1,1
,,,,,,,2132,13762.937,1,0,1,1
,,,,,,,2133,14132.573,1,0,1,1
,,,,,,,2134,14359.863,1,0,1,1
,,,,,,,2135,14418.62,1,0,1,2
,,,,,,,2136,14337.706,1,0,1,1
,,,,,,,2137,14207.53,1,0,1,1
,,,,,,,2138,14190.62,1,0,1,1
,,,,,,,2139,14172.311,1,0,1,1
,,,,,,,2140,14005.033,1,0,1,1
,,,,,,,2141,14004.830000000002,1,0,1,2
,,,,,,,2142,13372.591,1,0,1,1
,,,,,,,2143,12056.811,1,0,1,1
,,,,,,,2144,10825.613,1,0,1,1
,,,,,,,2145,9504.857,1,0,1,5
,,,,,,,2146,10338.712,1,0,1,1
,,,,,,,2147,11922.137,1,0,1,1
,,,,,,,2148,13119.247,1,0,1,1
,,,,,,,2149,13626.369,1,0,1,1
,,,,,,,2150,13969.097,1,0,1,1
,,,,,,,2151,14285.73,1,0,1,1
,,,,,,,2152,14451.5455,1,0,1,2
,,,,,,,2153,14476.858333333335,1,0,1,3
,,,,,,,2154,14354.144,1,0,1,1
,,,,,,,2155,14262.518,1,0,1,1
,,,,,,,2156,14052.068,1,0,1,1
,,,,,,,2157,13946.787499999999,1,0,1,2
,,,,,,,2158,13386.593,1,0,1,1
,,,,,,,2159,12046.871,1,0,1,1
,,,,,,,2160,10806.749,1,0,1,1
,,,,,,,2161,9486.034,1,0,1,5
,,,,,,,2162,10280.516,1,0,1,1
,,,,,,,2163,11843.575,1,0,1,1
,,,,,,,2164,13106.131,1,0,1,1
,,,,,,,2165,14093.759599999996,1,0,1,10
,,,,,,,2166,14135.057,1,0,1,1
,,,,,,,2167,13980.561,1,0,1,2
,,,,,,,2168,13176.928,1,0,1,1
,,,,,,,2169,11913.742,1,0,1,1
,,,,,,,2170,10771.698,1,0,1,1
,,,,,,,2171,9778.484,1,0,1,2
,,,,,,,2172,9366.527333333333,1,0,1,3
,,,,,,,2173,10304.317,1,0,1,1
,,,,,,,2174,11828.721,1,0,1,1
,,,,,,,2175,13089.774,1,0,1,1
,,,,,,,2176,13675.703,1,0,1,1
,,,,,,,2177,13998.69,1,0,1,1
,,,,,,,2178,14189.739,1,0,1,1
,,,,,,,2179,14194.9695,1,0,1,2
,,,,,,,2180,14120.365,1,0,1,1
,,,,,,,2181,13929.105,1,0,1,1
,,,,,,,2182,13707.786999999998,1,0,1,3
,,,,,,,2183,13531.506,1,0,1,1
,,,,,,,2184,13367.931,1,0,1,1
,,,,,,,2185,13367.436,1,0,1,1
,,,,,,,2186,12792.253,1,0,1,1
,,,,,,,2187,11745.435,1,0,1,1
,,,,,,,2188,9478.837,1,0,1,7
,,,,,,,2189,9791.053,1,0,1,1
,,,,,,,2190,10636.739,1,0,1,1
,,,,,,,2191,11556.168,1,0,1,1
,,,,,,,2192,12204.541,1,0,1,1
,,,,,,,2193,12527.802,1,0,1,1
,,,,,,,2194,12653.375,1,0,1,1
,,,,,,,2195,12590.506000000001,1,0,1,2
,,,,,,,2196,12358.941,1,0,1,1
,,,,,,,2197,12231.451,1,0,1,1
,,,,,,,2198,12239.73,1,0,1,1
,,,,,,,2199,12319.217,1,0,1,1
,,,,,,,2200,12276.785,1,0,1,1
,,,,,,,2201,12197.538,1,0,1,1
,,,,,,,2202,12240.568500000001,1,0,1,2
,,,,,,,2203,11245.293,1,0,1,1
,,,,,,,2204,9191.875875,1,0,1,8
,,,,,,,2205,9961.946,1,0,1,1
,,,,,,,2206,10866.917,1,0,1,1
,,,,,,,2207,11647.812,1,0,1,1
,,,,,,,2208,12380.786,1,0,1,3
,,,,,,,2209,12381.685,1,0,1,1
,,,,,,,2210,12174.303,1,0,1,1
,,,,,,,2211,12021.693,1,0,1,1
,,,,,,,2212,12034.215,1,0,1,1
,,,,,,,2213,12116.114,1,0,1,1
,,,,,,,2214,12060.584,1,0,1,1
,,,,,,,2215,12083.278,1,0,1,2
,,,,,,,2216,11851.552,1,0,1,1
,,,,,,,2217,11025.687,1,0,1,1
,,,,,,,2218,10136.529,1,0,1,1
,,,,,,,2219,8996.705714285714,1,0,1,7
,,,,,,,2220,10166.555,1,0,1,1
,,,,,,,2221,11126.678,1,0,1,1
,,,,,,,2222,12656.9728,1,0,1,5
,,,,,,,2223,12799.896666666667,1,0,1,3
,,,,,,,2224,13223.234,1,0,1,1
,,,,,,,2225,13084.436666666668,1,0,1,3
,,,,,,,2226,12291.436,1,0,1,1
,,,,,,,2227,11093.971,1,0,1,1
,,,,,,,2228,10047.71,1,0,1,1
,,,,,,,2229,9215.750333333335,1,0,1,6
,,,,,,,2230,11725.665,1,0,1,1
,,,,,,,2231,13009.373,1,0,1,1
,,,,,,,2232,13516.136,1,0,1,1
,,,,,,,2233,13811.574,1,0,1,1
,,,,,,,2234,14143.998333333335,1,0,1,3
,,,,,,,2235,14231.42,1,0,1,1
,,,,,,,2236,14061.977,1,0,1,1
,,,,,,,2237,13941.681,1,0,1,1
,,,,,,,2238,13964.822,1,0,1,1
,,,,,,,2239,13981.185749999999,1,0,1,4
,,,,,,,2240,13139.161,1,0,1,1
,,,,,,,2241,11806.932,1,0,1,1
,,,,,,,2242,10653.032,1,0,1,1
,,,,,,,2243,9619.866166666667,1,0,1,6
,,,,,,,2244,11949.795,1,0,1,1
,,,,,,,2245,13210.21,1,0,1,1
,,,,,,,2246,13897.66,1,0,1,2
,,,,,,,2247,14335.429,1,0,1,1
,,,,,,,2248,14524.899,1,0,1,1
,,,,,,,2249,14558.592,1,0,1,1
,,,,,,,2250,14626.4105,1,0,1,2
,,,,,,,2251,14566.699,1,0,1,1
,,,,,,,2252,14605.464,1,0,1,1
,,,,,,,2253,14622.521,1,0,1,1
,,,,,,,2254,14472.658,1,0,1,1
,,,,,,,2255,14352.7855,1,0,1,2
,,,,,,,2256,13492.19,1,0,1,1
,,,,,,,2257,12121.181,1,0,1,1
,,,,,,,2258,10906.586,1,0,1,1
,,,,,,,2259,10106.067,1,0,1,1
,,,,,,,2260,9608.938,1,0,1,1
,,,,,,,2261,9398.319,1,0,1,3
,,,,,,,2262,10318.301,1,0,1,1
,,,,,,,2263,11891.75,1,0,1,1
,,,,,,,2264,13159.121,1,0,1,1
,,,,,,,2265,13784.327,1,0,1,1
,,,,,,,2266,14309.752,1,0,1,1
,,,,,,,2267,14808.983,1,0,1,1
,,,,,,,2268,15162.904,1,0,1,1
,,,,,,,2269,15345.109,1,0,1,1
,,,,,,,2270,15380.555,1,0,1,1
,,,,,,,2271,15104.551,1,0,1,1
,,,,,,,2272,15020.016,1,0,1,1
,,,,,,,2273,14917.991,1,0,1,1
,,,,,,,2274,14819.08,1,0,1,1
,,,,,,,2275,14581.578,1,0,1,1
,,,,,,,2276,14334.422,1,0,1,1
,,,,,,,2277,14341.466,1,0,1,1
,,,,,,,2278,13771.569,1,0,1,1
,,,,,,,2279,12394.556,1,0,1,1
,,,,,,,2280,11109.177,1,0,1,1
,,,,,,,2281,10193.066,1,0,1,1
,,,,,,,2282,9656.778,1,0,1,1
,,,,,,,2283,9281.8155,1,0,1,2
,,,,,,,2284,9420.48,1,0,1,1
,,,,,,,2285,10066.277,1,0,1,1
,,,,,,,2286,11600.704,1,0,1,1
,,,,,,,2287,12819.042,1,0,1,1
,,,,,,,2288,13471.079,1,0,1,1
,,,,,,,2289,13992.028,1,0,1,1
,,,,,,,2290,14563.153333333334,1,0,1,3
,,,,,,,2291,14642.123,1,0,1,1
,,,,,,,2292,14461.577,1,0,1,1
,,,,,,,2293,14229.057,1,0,1,1
,,,,,,,2294,14050.852,1,0,1,1
,,,,,,,2295,13897.159,1,0,1,1
,,,,,,,2296,13596.505,1,0,1,1
,,,,,,,2297,13185.144666666667,1,0,1,3
,,,,,,,2298,11826.679,1,0,1,1
,,,,,,,2299,10725.643,1,0,1,1
,,,,,,,2300,9631.0125,1,0,1,2
,,,,,,,2301,9044.58725,1,0,1,4
,,,,,,,2302,9842.034,1,0,1,1
,,,,,,,2303,10765.393,1,0,1,1
,,,,,,,2304,11736.511,1,0,1,1
,,,,,,,2305,12378.994,1,0,1,1
,,,,,,,2306,12709.688,1,0,1,1
,,,,,,,2307,12637.373,1,0,1,4
,,,,,,,2308,12349.712,1,0,1,1
,,,,,,,2309,12361.673,1,0,1,1
,,,,,,,2310,12486.091,1,0,1,1
,,,,,,,2311,12457.862,1,0,1,1
,,,,,,,2312,12104.980500000001,1,0,1,4
,,,,,,,2313,10376.116,1,0,1,1
,,,,,,,2314,9085.821750000001,1,0,1,4
,,,,,,,2315,8748.369,1,0,1,2
,,,,,,,2316,9231.909,1,0,1,1
,,,,,,,2317,10025.921,1,0,1,1
,,,,,,,2318,11001.407,1,0,1,1
,,,,,,,2319,11815.538,1,0,1,1
,,,,,,,2320,12526.1975,1,0,1,2
,,,,,,,2321,12810.4,1,0,1,1
,,,,,,,2322,12735.569,1,0,1,1
,,,,,,,2323,12659.665333333332,1,0,1,3
,,,,,,,2324,13135.382666666666,1,0,1,3
,,,,,,,2325,13067.485,1,0,1,1
,,,,,,,2326,12370.891,1,0,1,1
,,,,,,,2327,11210.694,1,0,1,1
,,,,,,,2328,10192.927,1,0,1,1
,,,,,,,2329,9324.5535,1,0,1,2
,,,,,,,2330,8955.434000000001,1,0,1,2
,,,,,,,2331,9256.793,1,0,1,1
,,,,,,,2332,10172.382,1,0,1,1
,,,,,,,2333,11767.279,1,0,1,1
,,,,,,,2334,13061.183,1,0,1,1
,,,,,,,2335,14149.801,1,0,1,4
,,,,,,,2336,14363.9445,1,0,1,4
,,,,,,,2337,14323.1575,1,0,1,4
,,,,,,,2338,13942.142,1,0,1,1
,,,,,,,2339,13046.576,1,0,1,1
,,,,,,,2340,11732.471,1,0,1,1
,,,,,,,2341,10600.77,1,0,1,1
,,,,,,,2342,9518.916666666666,1,0,1,3
,,,,,,,2343,9189.634,1,0,1,1
,,,,,,,2344,9443.779,1,0,1,1
,,,,,,,2345,10338.997,1,0,1,1
,,,,,,,2346,11951.368,1,0,1,1
,,,,,,,2347,13220.431,1,0,1,1
,,,,,,,2348,14193.501666666665,1,0,1,9
,,,,,,,2349,14231.322999999999,1,0,1,4
,,,,,,,2350,13212.158,1,0,1,1
,,,,,,,2351,11932.354,1,0,1,1
,,,,,,,2352,10761.896,1,0,1,1
,,,,,,,2353,9560.9416,1,0,1,5
,,,,,,,2354,10407.428,1,0,1,1
,,,,,,,2355,11992.935,1,0,1,1
,,,,,,,2356,13129.993,1,0,1,1
,,,,,,,2357,13557.272,1,0,1,1
,,,,,,,2358,13835.676,1,0,1,1
,,,,,,,2359,14084.494,1,0,1,1
,,,,,,,2360,14275.681,1,0,1,1
,,,,,,,2361,14405.698,1,0,1,2
,,,,,,,2362,14324.868,1,0,1,1
,,,,,,,2363,14203.59,1,0,1,1
,,,,,,,2364,14176.446,1,0,1,1
,,,,,,,2365,14134.139,1,0,1,1
,,,,,,,2366,13996.089,1,0,1,1
,,,,,,,2367,13824.074,1,0,1,1
,,,,,,,2368,13858.357,1,0,1,1
,,,,,,,2369,13396.117,1,0,1,1
,,,,,,,2370,12033.815,1,0,1,1
,,,,,,,2371,10796.353,1,0,1,1
,,,,,,,2372,9451.3056,1,0,1,5
,,,,,,,2373,10166.278,1,0,1,1
,,,,,,,2374,11773.372,1,0,1,1
,,,,,,,2375,12985.179,1,0,1,1
,,,,,,,2376,13632.562,1,0,1,1
,,,,,,,2377,14187.701,1,0,1,1
,,,,,,,2378,14620.182,1,0,1,1
,,,,,,,2379,14938.508,1,0,1,1
,,,,,,,2380,15125.102,1,0,1,1
,,,,,,,2381,15261.466,1,0,1,1
,,,,,,,2382,15120.549,1,0,1,1
,,,,,,,2383,14893.927,1,0,1,1
,,,,,,,2384,14684.332,1,0,1,1
,,,,,,,2385,14435.711,1,0,1,1
,,,,,,,2386,14040.7235,1,0,1,2
,,,,,,,2387,14002.347,1,0,1,1
,,,,,,,2388,13360.703,1,0,1,1
,,,,,,,2389,12054.474,1,0,1,1
,,,,,,,2390,10818.78,1,0,1,1
,,,,,,,2391,9613.505000000001,1,0,1,6
,,,,,,,2392,11684.007,1,0,1,1
,,,,,,,2393,12920.766,1,0,1,1
,,,,,,,2394,13602.531,1,0,1,1
,,,,,,,2395,14146.854,1,0,1,1
,,,,,,,2396,14830.343,1,0,1,3
,,,,,,,2397,15154.628,1,0,1,1
,,,,,,,2398,15152.342,1,0,1,1
,,,,,,,2399,15049.62,1,0,1,1
,,,,,,,2400,15011.177,1,0,1,1
,,,,,,,2401,14905.305,1,0,1,1
,,,,,,,2402,14598.426,1,0,1,1
,,,,,,,2403,14276.502,1,0,1,1
,,,,,,,2404,13939.4345,1,0,1,2
,,,,,,,2405,12651.578,1,0,1,1
,,,,,,,2406,11443.247,1,0,1,1
,,,,,,,2407,9957.515333333335,1,0,1,3
,,,,,,,2408,9316.053,1,0,1,1
,,,,,,,2409,9306.258,1,0,1,1
,,,,,,,2410,9448.261,1,0,1,1
,,,,,,,2411,10155.255,1,0,1,1
,,,,,,,2412,11262.013,1,0,1,1
,,,,,,,2413,12470.902,1,0,1,1
,,,,,,,2414,13454.587,1,0,1,1
,,,,,,,2415,14190.118,1,0,1,1
,,,,,,,2416,14864.497500000001,1,0,1,2
,,,,,,,2417,15125.249,1,0,1,1
,,,,,,,2418,15113.281,1,0,1,1
,,,,,,,2419,15191.077,1,0,1,1
,,,,,,,2420,15271.722,1,0,1,1
,,,,,,,2421,15312.795,1,0,1,1
,,,,,,,2422,15124.117,1,0,1,1
,,,,,,,2423,14765.664,1,0,1,1
,,,,,,,2424,14681.717,1,0,1,1
,,,,,,,2425,14385.402,1,0,1,1
,,,,,,,2426,13384.764,1,0,1,1
,,,,,,,2427,12239.058,1,0,1,1
,,,,,,,2428,10287.982166666667,1,0,1,6
,,,,,,,2429,10420.382,1,0,1,1
,,,,,,,2430,11549.157,1,0,1,1
,,,,,,,2431,13062.613,1,0,1,1
,,,,,,,2432,14519.589,1,0,1,1
,,,,,,,2433,15617.425,1,0,1,1
,,,,,,,2434,17104.05175,1,0,1,4
,,,,,,,2435,18137.303,1,0,1,1
,,,,,,,2436,18606.162,1,0,1,1
,,,,,,,2437,18921.984,1,0,1,1
,,,,,,,2438,18872.568,1,0,1,1
,,,,,,,2439,18143.078,1,0,1,3
,,,,,,,2440,16004.31,1,0,1,1
,,,,,,,2441,13773.9375,1,0,1,2
,,,,,,,2442,12406.961,1,0,1,1
,,,,,,,2443,11932.579,1,0,1,1
,,,,,,,2444,11753.846000000001,1,0,1,2
,,,,,,,2445,12516.935,1,0,1,1
,,,,,,,2446,14340.325,1,0,1,1
,,,,,,,2447,16175.15,1,0,1,1
,,,,,,,2448,17580.027,1,0,1,1
,,,,,,,2449,18908.621,1,0,1,1
,,,,,,,2450,20234.673,1,0,1,1
,,,,,,,2451,21279.621,1,0,1,1
,,,,,,,2452,22076.025,1,0,1,1
,,,,,,,2453,22725.294,1,0,1,1
,,,,,,,2454,23033.938,1,0,1,1
,,,,,,,2455,23317.429,1,0,1,1
,,,,,,,2456,23481.022,1,0,1,1
,,,,,,,2457,23351.365,1,0,1,1
,,,,,,,2458,22846.604,1,0,1,1
,,,,,,,2459,22118.23,1,0,1,1
,,,,,,,2460,21455.463,1,0,1,1
,,,,,,,2461,20406.688,1,0,1,1
,,,,,,,2462,18308.978,1,0,1,1
,,,,,,,2463,16332.864,1,0,1,1
,,,,,,,2464,14919.929,1,0,1,1
,,,,,,,2465,13465.667666666666,1,0,1,3
,,,,,,,2466,13067.813,1,0,1,1
,,,,,,,2467,13683.259,1,0,1,1
,,,,,,,2468,15448.32,1,0,1,1
,,,,,,,2469,17271.257,1,0,1,1
,,,,,,,2470,18677.91,1,0,1,1
,,,,,,,2471,20025.181,1,0,1,1
,,,,,,,2472,21186.035,1,0,1,1
,,,,,,,2473,22231.27,1,0,1,1
,,,,,,,2474,23073.173,1,0,1,1
,,,,,,,2475,23752.193,1,0,1,1
,,,,,,,2476,23978.887,1,0,1,1
,,,,,,,2477,24121.669,1,0,1,1
,,,,,,,2478,24002.565,1,0,1,1
,,,,,,,2479,23422.241,1,0,1,1
,,,,,,,2480,22646.23,1,0,1,1
,,,,,,,2481,21881.895,1,0,1,1
,,,,,,,2482,21320.004,1,0,1,1
,,,,,,,2483,20201.27,1,0,1,1
,,,,,,,2484,18100.45,1,0,1,1
,,,,,,,2485,16115.931,1,0,1,1
,,,,,,,2486,14630.058,1,0,1,1
,,,,,,,2487,12966.324,1,0,1,5
,,,,,,,2488,14468.159,1,0,1,1
,,,,,,,2489,15714.071,1,0,1,1
,,,,,,,2490,16417.675,1,0,1,1
,,,,,,,2491,17052.052,1,0,1,1
,,,,,,,2492,17678.969,1,0,1,1
,,,,,,,2493,18081.279,1,0,1,1
,,,,,,,2494,18344.643,1,0,1,1
,,,,,,,2495,18613.181,1,0,1,1
,,,,,,,2496,18778.869,1,0,1,1
,,,,,,,2497,18879.725,1,0,1,1
,,,,,,,2498,18861.457,1,0,1,1
,,,,,,,2499,18519.227,1,0,1,1
,,,,,,,2500,17786.379,1,0,1,1
,,,,,,,2501,16940.448,1,0,1,1
,,,,,,,2502,16297.088,1,0,1,1
,,,,,,,2503,15536.498,1,0,1,1
,,,,,,,2504,13874.276,1,0,1,1
,,,,,,,2505,12303.129,1,0,1,1
,,,,,,,2506,10903.99,1,0,1,2
,,,,,,,2507,10125.118333333334,1,0,1,3
,,,,,,,2508,10794.436,1,0,1,1
,,,,,,,2509,12336.896,1,0,1,1
,,,,,,,2510,13644.815,1,0,1,1
,,,,,,,2511,14415.689,1,0,1,1
,,,,,,,2512,15029.924,1,0,1,1
,,,,,,,2513,15577.057,1,0,1,1
,,,,,,,2514,15967.701,1,0,1,1
,,,,,,,2515,16299.626499999998,1,0,1,2
,,,,,,,2516,16450.513,1,0,1,1
,,,,,,,2517,16469.659,1,0,1,1
,,,,,,,2518,16383.947,1,0,1,1
,,,,,,,2519,16113.831,1,0,1,1
,,,,,,,2520,15587.497,1,0,1,1
,,,,,,,2521,15076.849,1,0,1,1
,,,,,,,2522,14924.738,1,0,1,1
,,,,,,,2523,14326.363,1,0,1,1
,,,,,,,2524,12961.286,1,0,1,1
,,,,,,,2525,11685.511,1,0,1,1
,,,,,,,2526,10248.853200000001,1,0,1,5
,,,,,,,2527,10868.935,1,0,1,1
,,,,,,,2528,12321.771,1,0,1,1
,,,,,,,2529,13645.08,1,0,1,1
,,,,,,,2530,14385.325,1,0,1,1
,,,,,,,2531,14870.077,1,0,1,1
,,,,,,,2532,15440.6675,1,0,1,2
,,,,,,,2533,15560.854,1,0,1,1
,,,,,,,2534,15436.553,1,0,1,1
,,,,,,,2535,14364.670875,1,0,1,8
,,,,,,,2536,12345.203,1,0,1,1
,,,,,,,2537,10364.9195,1,0,1,4
,,,,,,,2538,9568.146,1,0,1,1
,,,,,,,2539,9722.451000000001,1,0,1,2
,,,,,,,2540,10449.58,1,0,1,1
,,,,,,,2541,11458.538,1,0,1,1
,,,,,,,2542,12525.915,1,0,1,1
,,,,,,,2543,13289.34,1,0,1,1
,,,,,,,2544,13741.104,1,0,1,1
,,,,,,,2545,13970.925,1,0,1,1
,,,,,,,2546,14070.675000000001,1,0,1,4
,,,,,,,2547,14074.384,1,0,1,1
,,,,,,,2548,14167.742,1,0,1,1
,,,,,,,2549,14115.804,1,0,1,1
,,,,,,,2550,13977.591,1,0,1,3
,,,,,,,2551,13013.341,1,0,1,1
,,,,,,,2552,12064.578,1,0,1,1
,,,,,,,2553,11268.117,1,0,1,1
,,,,,,,2554,10379.969000000001,1,0,1,4
,,,,,,,2555,10275.433,1,0,1,1
,,,,,,,2556,10753.052,1,0,1,1
,,,,,,,2557,11665.05,1,0,1,1
,,,,,,,2558,12826.554,1,0,1,1
,,,,,,,2559,13868.596,1,0,1,1
,,,,,,,2560,14863.711,1,0,1,1
,,,,,,,2561,15732.342,1,0,1,1
,,,,,,,2562,16950.99175,1,0,1,4
,,,,,,,2563,17744.684,1,0,1,1
,,,,,,,2564,17864.032,1,0,1,1
,,,,,,,2565,17656.649,1,0,1,1
,,,,,,,2566,17091.208333333332,1,0,1,3
,,,,,,,2567,15387.211,1,0,1,1
,,,,,,,2568,13974.041,1,0,1,1
,,,,,,,2569,12369.5108,1,0,1,5
,,,,,,,2570,13139.155,1,0,1,1
,,,,,,,2571,14812.665,1,0,1,1
,,,,,,,2572,16361.081,1,0,1,1
,,,,,,,2573,17302.173,1,0,1,1
,,,,,,,2574,17922.189,1,0,1,1
,,,,,,,2575,18753.584,1,0,1,1
,,,,,,,2576,19694.193,1,0,1,1
,,,,,,,2577,20655.5205,1,0,1,2
,,,,,,,2578,21039.746,1,0,1,1
,,,,,,,2579,20964.212,1,0,1,1
,,,,,,,2580,20696.428,1,0,1,1
,,,,,,,2581,20379.613,1,0,1,1
,,,,,,,2582,19637.399,1,0,1,1
,,,,,,,2583,18915.894,1,0,1,1
,,,,,,,2584,17885.913999999997,1,0,1,2
,,,,,,,2585,15739.481,1,0,1,1
,,,,,,,2586,14190.072,1,0,1,1
,,,,,,,2587,12763.310000000001,1,0,1,2
,,,,,,,2588,11996.280666666666,1,0,1,3
,,,,,,,2589,12846.556,1,0,1,1
,,,,,,,2590,14339.183,1,0,1,1
,,,,,,,2591,15774.091,1,0,1,1
,,,,,,,2592,16724.246,1,0,1,1
,,,,,,,2593,17622.882,1,0,1,1
,,,,,,,2594,18541.768,1,0,1,1
,,,,,,,2595,19507.630666666668,1,0,1,3
,,,,,,,2596,19917.149,1,0,1,1
,,,,,,,2597,20023.824,1,0,1,1
,,,,,,,2598,20004.912,1,0,1,1
,,,,,,,2599,19728.051,1,0,1,1
,,,,,,,2600,19072.248,1,0,1,1
,,,,,,,2601,17986.999,1,0,1,2
,,,,,,,2602,16911.131,1,0,1,1
,,,,,,,2603,15238.753,1,0,1,1
,,,,,,,2604,13567.056,1,0,1,1
,,,,,,,2605,12346.388,1,0,1,1
,,,,,,,2606,11604.475,1,0,1,1
,,,,,,,2607,11167.656,1,0,1,1
,,,,,,,2608,10936.908,1,0,1,1
,,,,,,,2609,11084.054,1,0,1,1
,,,,,,,2610,11705.615,1,0,1,1
,,,,,,,2611,13254.466,1,0,1,1
,,,,,,,2612,14748.126,1,0,1,1
,,,,,,,2613,15806.484,1,0,1,1
,,,,,,,2614,16664.951,1,0,1,1
,,,,,,,2615,17369.69,1,0,1,1
,,,,,,,2616,18021.82,1,0,1,1
,,,,,,,2617,18571.081,1,0,1,2
,,,,,,,2618,18917.933,1,0,1,1
,,,,,,,2619,19039.846,1,0,1,1
,,,,,,,2620,19028.386,1,0,1,1
,,,,,,,2621,18764.729,1,0,1,1
,,,,,,,2622,18194.51,1,0,1,1
,,,,,,,2623,17508.036,1,0,1,1
,,,,,,,2624,16982.322,1,0,1,1
,,,,,,,2625,16333.584,1,0,1,1
,,,,,,,2626,14751.34,1,0,1,1
,,,,,,,2627,13171.701,1,0,1,1
,,,,,,,2628,11995.149,1,0,1,1
,,,,,,,2629,10847.0455,1,0,1,4
,,,,,,,2630,11247.48,1,0,1,1
,,,,,,,2631,12755.756,1,0,1,1
,,,,,,,2632,14249.68,1,0,1,1
,,,,,,,2633,15303.182,1,0,1,1
,,,,,,,2634,16168.317,1,0,1,1
,,,,,,,2635,16950.107,1,0,1,1
,,,,,,,2636,17587.582,1,0,1,1
,,,,,,,2637,18053.999,1,0,1,1
,,,,,,,2638,18533.27,1,0,1,1
,,,,,,,2639,18795.828,1,0,1,1
,,,,,,,2640,19007.088,1,0,1,1
,,,,,,,2641,19137.311,1,0,1,1
,,,,,,,2642,18901.801,1,0,1,1
,,,,,,,2643,18288.696,1,0,1,1
,,,,,,,2644,17568.917999999998,1,0,1,2
,,,,,,,2645,16877.055,1,0,1,1
,,,,,,,2646,15402.19,1,0,1,1
,,,,,,,2647,13951.215,1,0,1,1
,,,,,,,2648,12812.567,1,0,1,1
,,,,,,,2649,12092.745,1,0,1,1
,,,,,,,2650,11619.688,1,0,1,3
,,,,,,,2651,12336.679,1,0,1,1
,,,,,,,2652,13858.604,1,0,1,1
,,,,,,,2653,15365.323,1,0,1,1
,,,,,,,2654,16452.933,1,0,1,1
,,,,,,,2655,17474.833,1,0,1,1
,,,,,,,2656,18556.731,1,0,1,1
,,,,,,,2657,19613.114,1,0,1,1
,,,,,,,2658,20529.05,1,0,1,1
,,,,,,,2659,21072.296,1,0,1,1
,,,,,,,2660,21142.343,1,0,1,1
,,,,,,,2661,21099.683,1,0,1,1
,,,,,,,2662,20802.399,1,0,1,1
,,,,,,,2663,20354.724,1,0,1,1
,,,,,,,2664,19645.199,1,0,1,1
,,,,,,,2665,18902.319,1,0,1,1
,,,,,,,2666,18184.858500000002,1,0,1,2
,,,,,,,2667,16652.742,1,0,1,1
,,,,,,,2668,15243.454,1,0,1,1
,,,,,,,2669,14052.364,1,0,1,1
,,,,,,,2670,12863.198800000002,1,0,1,5
,,,,,,,2671,13405.677,1,0,1,1
,,,,,,,2672,14480.983,1,0,1,1
,,,,,,,2673,15648.129,1,0,1,1
,,,,,,,2674,16480.191,1,0,1,1
,,,,,,,2675,17102.075,1,0,1,1
,,,,,,,2676,17637.535,1,0,1,1
,,,,,,,2677,18127.105,1,0,1,1
,,,,,,,2678,18524.307,1,0,1,1
,,,,,,,2679,18752.79,1,0,1,1
,,,,,,,2680,18892.527,1,0,1,1
,,,,,,,2681,18816.661,1,0,1,1
,,,,,,,2682,18597.716,1,0,1,1
,,,,,,,2683,18219.109,1,0,1,1
,,,,,,,2684,17439.941,1,0,1,1
,,,,,,,2685,16727.77,1,0,1,1
,,,,,,,2686,16142.73,1,0,1,1
,,,,,,,2687,14903.386,1,0,1,1
,,,,,,,2688,13526.664,1,0,1,1
,,,,,,,2689,12484.683,1,0,1,1
,,,,,,,2690,11733.504,1,0,1,1
,,,,,,,2691,11237.775,1,0,1,1
,,,,,,,2692,10744.725999999999,1,0,1,2
,,,,,,,2693,10515.064,1,0,1,1
,,,,,,,2694,10972.549,1,0,1,1
,,,,,,,2695,11925.456,1,0,1,1
,,,,,,,2696,13231.737,1,0,1,1
,,,,,,,2697,14424.483,1,0,1,1
,,,,,,,2698,15361.886,1,0,1,1
,,,,,,,2699,16337.317500000001,1,0,1,2
,,,,,,,2700,16903.077,1,0,1,1
,,,,,,,2701,16994.264,1,0,1,1
,,,,,,,2702,16743.215,1,0,1,1
,,,,,,,2703,16606.448,1,0,1,1
,,,,,,,2704,16592.272,1,0,1,1
,,,,,,,2705,16418.944,1,0,1,1
,,,,,,,2706,15993.401,1,0,1,1
,,,,,,,2707,15647.821,1,0,1,1
,,,,,,,2708,15175.355,1,0,1,1
,,,,,,,2709,13850.862,1,0,1,1
,,,,,,,2710,12534.145,1,0,1,1
,,,,,,,2711,11584.681,1,0,1,1
,,,,,,,2712,10743.165,1,0,1,2
,,,,,,,2713,10387.731,1,0,1,1
,,,,,,,2714,10546.114,1,0,1,1
,,,,,,,2715,11082.293,1,0,1,1
,,,,,,,2716,12458.438,1,0,1,1
,,,,,,,2717,13908.985,1,0,1,1
,,,,,,,2718,14945.097,1,0,1,1
,,,,,,,2719,15732.881,1,0,1,1
,,,,,,,2720,16448.761,1,0,1,1
,,,,,,,2721,17190.483333333334,1,0,1,3
,,,,,,,2722,17534.244,1,0,1,1
,,,,,,,2723,17537.195,1,0,1,1
,,,,,,,2724,17544.053,1,0,1,1
,,,,,,,2725,17400.407,1,0,1,1
,,,,,,,2726,16965.827,1,0,1,1
,,,,,,,2727,15882.979000000001,1,0,1,3
,,,,,,,2728,13888.343,1,0,1,1
,,,,,,,2729,12429.549,1,0,1,1
,,,,,,,2730,11406.22,1,0,1,1
,,,,,,,2731,10772.602,1,0,1,1
,,,,,,,2732,10387.611,1,0,1,1
,,,,,,,2733,10255.176,1,0,1,1
,,,,,,,2734,10425.19,1,0,1,1
,,,,,,,2735,11010.311,1,0,1,1
,,,,,,,2736,12373.464,1,0,1,1
,,,,,,,2737,13707.459,1,0,1,1
,,,,,,,2738,14561.84,1,0,1,1
,,,,,,,2739,15197.144,1,0,1,1
,,,,,,,2740,15610.332,1,0,1,1
,,,,,,,2741,15836.939,1,0,1,1
,,,,,,,2742,16107.371,1,0,1,1
,,,,,,,2743,16386.679,1,0,1,1
,,,,,,,2744,16360.4095,1,0,1,2
,,,,,,,2745,16237.031,1,0,1,1
,,,,,,,2746,16149.909,1,0,1,1
,,,,,,,2747,15759.372,1,0,1,1
,,,,,,,2748,15225.694,1,0,1,1
,,,,,,,2749,14884.577,1,0,1,1
,,,,,,,2750,14203.462,1,0,1,1
,,,,,,,2751,12915.997,1,0,1,1
,,,,,,,2752,11608.237,1,0,1,1
,,,,,,,2753,10086.9495,1,0,1,6
,,,,,,,2754,11794.913,1,0,1,1
,,,,,,,2755,13145.805,1,0,1,1
,,,,,,,2756,14042.182,1,0,1,1
,,,,,,,2757,14731.454,1,0,1,1
,,,,,,,2758,15331.344,1,0,1,1
,,,,,,,2759,15842.272,1,0,1,2
,,,,,,,2760,16161.544,1,0,1,1
,,,,,,,2761,16203.178,1,0,1,1
,,,,,,,2762,16241.06,1,0,1,1
,,,,,,,2763,16337.942,1,0,1,1
,,,,,,,2764,16299.625,1,0,1,1
,,,,,,,2765,15970.699,1,0,1,1
,,,,,,,2766,15510.594,1,0,1,1
,,,,,,,2767,15193.929,1,0,1,1
,,,,,,,2768,14715.7,1,0,1,1
,,,,,,,2769,13379.128,1,0,1,1
,,,,,,,2770,12024.887,1,0,1,1
,,,,,,,2771,11071.828,1,0,1,1
,,,,,,,2772,10246.105333333333,1,0,1,3
,,,,,,,2773,10276.287,1,0,1,1
,,,,,,,2774,10918.738,1,0,1,1
,,,,,,,2775,12253.984,1,0,1,1
,,,,,,,2776,13619.916,1,0,1,1
,,,,,,,2777,14504.779,1,0,1,1
,,,,,,,2778,15155.837,1,0,1,1
,,,,,,,2779,15805.079,1,0,1,1
,,,,,,,2780,16296.059,1,0,1,1
,,,,,,,2781,16589.488,1,0,1,1
,,,,,,,2782,16893.699,1,0,1,1
,,,,,,,2783,17013.568,1,0,1,1
,,,,,,,2784,16876.189,1,0,1,1
,,,,,,,2785,16696.582,1,0,1,1
,,,,,,,2786,16476.084,1,0,1,1
,,,,,,,2787,16083.606,1,0,1,1
,,,,,,,2788,15487.159333333335,1,0,1,3
,,,,,,,2789,13888.265,1,0,1,1
,,,,,,,2790,12626.68,1,0,1,1
,,,,,,,2791,11131.228333333333,1,0,1,6
,,,,,,,2792,12911.273,1,0,1,1
,,,,,,,2793,14427.472,1,0,1,1
,,,,,,,2794,15423.659,1,0,1,1
,,,,,,,2795,16153.242,1,0,1,1
,,,,,,,2796,16833.449,1,0,1,1
,,,,,,,2797,17507.724,1,0,1,1
,,,,,,,2798,18193.74,1,0,1,1
,,,,,,,2799,18923.804,1,0,1,1
,,,,,,,2800,19452.421,1,0,1,1
,,,,,,,2801,19803.956,1,0,1,1
,,,,,,,2802,19987.163,1,0,1,1
,,,,,,,2803,19614.016,1,0,1,1
,,,,,,,2804,18825.457,1,0,1,1
,,,,,,,2805,18077.342,1,0,1,1
,,,,,,,2806,17501.635,1,0,1,1
,,,,,,,2807,16754.321,1,0,1,1
,,,,,,,2808,15491.535,1,0,1,1
,,,,,,,2809,14114.605,1,0,1,1
,,,,,,,2810,13015.187,1,0,1,1
,,,,,,,2811,12252.295,1,0,1,1
,,,,,,,2812,11774.42,1,0,1,1
,,,,,,,2813,11433.345666666666,1,0,1,3
,,,,,,,2814,12104.599,1,0,1,1
,,,,,,,2815,13307.717,1,0,1,1
,,,,,,,2816,14749.639,1,0,1,1
,,,,,,,2817,16110.784,1,0,1,1
,,,,,,,2818,17382.866,1,0,1,1
,,,,,,,2819,18760.380666666668,1,0,1,3
,,,,,,,2820,19076.699,1,0,1,1
,,,,,,,2821,18888.925,1,0,1,1
,,,,,,,2822,18513.59,1,0,1,1
,,,,,,,2823,18192.25,1,0,1,1
,,,,,,,2824,17705.031,1,0,1,1
,,,,,,,2825,17088.408499999998,1,0,1,2
,,,,,,,2826,16448.758,1,0,1,1
,,,,,,,2827,15448.516,1,0,1,1
,,,,,,,2828,14268.185,1,0,1,1
,,,,,,,2829,13290.419,1,0,1,1
,,,,,,,2830,12569.328,1,0,1,1
,,,,,,,2831,11749.826500000001,1,0,1,4
,,,,,,,2832,11973.9,1,0,1,1
,,,,,,,2833,13039.824,1,0,1,1
,,,,,,,2834,14579.366,1,0,1,1
,,,,,,,2835,15934.944,1,0,1,1
,,,,,,,2836,17017.354,1,0,1,1
,,,,,,,2837,17806.279,1,0,1,1
,,,,,,,2838,18377.095,1,0,1,1
,,,,,,,2839,18734.244,1,0,1,1
,,,,,,,2840,19004.39,1,0,1,1
,,,,,,,2841,19224.522,1,0,1,1
,,,,,,,2842,19390.843,1,0,1,1
,,,,,,,2843,19438.653,1,0,1,1
,,,,,,,2844,19120.433,1,0,1,1
,,,,,,,2845,18389.244,1,0,1,1
,,,,,,,2846,17506.945,1,0,1,2
,,,,,,,2847,16024.954,1,0,1,1
,,,,,,,2848,14599.768,1,0,1,1
,,,,,,,2849,13470.384,1,0,1,1
,,,,,,,2850,12688.903,1,0,1,1
,,,,,,,2851,12014.76425,1,0,1,4
,,,,,,,2852,13249.429,1,0,1,1
,,,,,,,2853,14702.786,1,0,1,1
,,,,,,,2854,16123.435,1,0,1,1
,,,,,,,2855,17326.979,1,0,1,1
,,,,,,,2856,18298.584,1,0,1,1
,,,,,,,2857,18951.477,1,0,1,1
,,,,,,,2858,19501.266499999998,1,0,1,2
,,,,,,,2859,19801.01,1,0,1,1
,,,,,,,2860,19916.229,1,0,1,1
,,,,,,,2861,19995.012,1,0,1,1
,,,,,,,2862,19842.678,1,0,1,1
,,,,,,,2863,19181.736,1,0,1,1
,,,,,,,2864,18180.284,1,0,1,1
,,,,,,,2865,17255.989,1,0,1,1
,,,,,,,2866,16449.514,1,0,1,1
,,,,,,,2867,15151.965,1,0,1,1
,,,,,,,2868,13763.243,1,0,1,1
,,,,,,,2869,12553.349,1,0,1,1
,,,,,,,2870,11716.61,1,0,1,1
,,,,,,,2871,10809.829249999999,1,0,1,4
,,,,,,,2872,11211.672,1,0,1,1
,,,,,,,2873,12156.631,1,0,1,1
,,,,,,,2874,13367.631,1,0,1,1
,,,,,,,2875,14557.195,1,0,1,1
,,,,,,,2876,15545.602,1,0,1,1
,,,,,,,2877,16270.079,1,0,1,1
,,,,,,,2878,16862.7975,1,0,1,2
,,,,,,,2879,17044.211,1,0,1,1
,,,,,,,2880,17163.174,1,0,1,1
,,,,,,,2881,17301.319,1,0,1,1
,,,,,,,2882,17327.84,1,0,1,1
,,,,,,,2883,16946.342,1,0,1,1
,,,,,,,2884,16313.035,1,0,1,1
,,,,,,,2885,15786.677,1,0,1,1
,,,,,,,2886,15222.395,1,0,1,1
,,,,,,,2887,14196.735,1,0,1,1
,,,,,,,2888,12987.964,1,0,1,1
,,,,,,,2889,11928.685,1,0,1,1
,,,,,,,2890,10874.171400000001,1,0,1,5
,,,,,,,2891,12452.542,1,0,1,1
,,,,,,,2892,13952.498,1,0,1,1
,,,,,,,2893,15231.193,1,0,1,1
,,,,,,,2894,16361.891,1,0,1,1
,,,,,,,2895,17378.352,1,0,1,1
,,,,,,,2896,18808.5935,1,0,1,4
,,,,,,,2897,19533.938,1,0,1,1
,,,,,,,2898,19599.18,1,0,1,1
,,,,,,,2899,19410.786,1,0,1,1
,,,,,,,2900,18834.214,1,0,1,1
,,,,,,,2901,17948.737,1,0,1,1
,,,,,,,2902,17243.329,1,0,1,1
,,,,,,,2903,16527.601,1,0,1,1
,,,,,,,2904,14955.105,1,0,1,1
,,,,,,,2905,13367.459,1,0,1,1
,,,,,,,2906,12203.806,1,0,1,1
,,,,,,,2907,11125.1234,1,0,1,5
,,,,,,,2908,12751.849,1,0,1,1
,,,,,,,2909,14217.323,1,0,1,1
,,,,,,,2910,15291.75,1,0,1,1
,,,,,,,2911,16137.529,1,0,1,1
,,,,,,,2912,16855.587,1,0,1,1
,,,,,,,2913,17409.955,1,0,1,1
,,,,,,,2914,17781.066,1,0,1,1
,,,,,,,2915,18126.401,1,0,1,1
,,,,,,,2916,18287.99,1,0,1,1
,,,,,,,2917,18322.804,1,0,1,1
,,,,,,,2918,18237.435,1,0,1,1
,,,,,,,2919,17927.518,1,0,1,1
,,,,,,,2920,17407.3,1,0,1,1
,,,,,,,2921,16414.404666666665,1,0,1,3
,,,,,,,2922,14582.38,1,0,1,1
,,,,,,,2923,13157.617,1,0,1,1
,,,,,,,2924,11393.364166666666,1,0,1,6
,,,,,,,2925,12889.802,1,0,1,1
,,,,,,,2926,14183.958,1,0,1,1
,,,,,,,2927,15135.36,1,0,1,1
,,,,,,,2928,15835.111,1,0,1,1
,,,,,,,2929,16391.137,1,0,1,2
,,,,,,,2930,16435.333,1,0,1,1
,,,,,,,2931,16380.842,1,0,1,1
,,,,,,,2932,16069.42,1,0,1,3
,,,,,,,2933,15862.401,1,0,1,1
,,,,,,,2934,15575.23,1,0,1,1
,,,,,,,2935,15194.533,1,0,1,1
,,,,,,,2936,15022.474,1,0,1,1
,,,,,,,2937,14593.454,1,0,1,1
,,,,,,,2938,13564.876,1,0,1,1
,,,,,,,2939,12422.163,1,0,1,1
,,,,,,,2940,11506.532,1,0,1,1
,,,,,,,2941,10903.533,1,0,1,1
,,,,,,,2942,10448.2245,1,0,1,4
,,,,,,,2943,11131.979,1,0,1,1
,,,,,,,2944,12251.548,1,0,1,1
,,,,,,,2945,13509.55,1,0,1,1
,,,,,,,2946,14675.83,1,0,1,1
,,,,,,,2947,15737.462,1,0,1,1
,,,,,,,2948,16673.581,1,0,1,1
,,,,,,,2949,17413.443,1,0,1,1
,,,,,,,2950,17824.998,1,0,1,1
,,,,,,,2951,17862.783,1,0,1,1
,,,,,,,2952,17786.757,1,0,1,1
,,,,,,,2953,17914.183,1,0,1,1
,,,,,,,2954,17810.642,1,0,1,1
,,,,,,,2955,17294.188,1,0,1,1
,,,,,,,2956,16561.679,1,0,1,1
,,,,,,,2957,16122.009,1,0,1,1
,,,,,,,2958,15619.202,1,0,1,1
,,,,,,,2959,14516.702,1,0,1,1
,,,,,,,2960,13256.37,1,0,1,1
,,,,,,,2961,12211.924,1,0,1,1
,,,,,,,2962,11482.922,1,0,1,1
,,,,,,,2963,10952.272,1,0,1,1
,,,,,,,2964,10611.328,1,0,1,1
,,,,,,,2965,10465.355666666666,1,0,1,3
,,,,,,,2966,11586.486,1,0,1,1
,,,,,,,2967,12783.629,1,0,1,1
,,,,,,,2968,13894.384,1,0,1,1
,,,,,,,2969,14713.094,1,0,1,1
,,,,,,,2970,15538.194,1,0,1,2
,,,,,,,2971,16047.916,1,0,1,1
,,,,,,,2972,16275.428,1,0,1,1
,,,,,,,2973,16523.809,1,0,1,1
,,,,,,,2974,16808.065,1,0,1,1
,,,,,,,2975,17022.223,1,0,1,1
,,,,,,,2976,16858.257,1,0,1,1
,,,,,,,2977,16335.21,1,0,1,1
,,,,,,,2978,15941.292,1,0,1,1
,,,,,,,2979,15492.975,1,0,1,1
,,,,,,,2980,14203.384,1,0,1,1
,,,,,,,2981,12839.043,1,0,1,1
,,,,,,,2982,11823.436,1,0,1,1
,,,,,,,2983,10983.9735,1,0,1,2
,,,,,,,2984,10623.792,1,0,1,1
,,,,,,,2985,10818.208,1,0,1,1
,,,,,,,2986,11406.186,1,0,1,1
,,,,,,,2987,12827.541,1,0,1,1
,,,,,,,2988,14493.07,1,0,1,1
,,,,,,,2989,15767.292,1,0,1,1
,,,,,,,2990,16891.042,1,0,1,1
,,,,,,,2991,17878.072,1,0,1,1
,,,,,,,2992,18835.557,1,0,1,2
,,,,,,,2993,19490.191,1,0,1,1
,,,,,,,2994,19749.592,1,0,1,1
,,,,,,,2995,19920.536,1,0,1,1
,,,,,,,2996,19907.422,1,0,1,1
,,,,,,,2997,19761.314,1,0,1,1
,,,,,,,2998,19221.033,1,0,1,1
,,,,,,,2999,18577.903,1,0,1,1
,,,,,,,3000,18255.719,1,0,1,1
,,,,,,,3001,17483.935,1,0,1,1
,,,,,,,3002,15971.549,1,0,1,1
,,,,,,,3003,14444.922,1,0,1,1
,,,,,,,3004,13363.014,1,0,1,1
,,,,,,,3005,12280.224999999999,1,0,1,4
,,,,,,,3006,12903.647,1,0,1,1
,,,,,,,3007,14198.912,1,0,1,1
,,,,,,,3008,15554.809,1,0,1,1
,,,,,,,3009,16470.579,1,0,1,1
,,,,,,,3010,17117.653,1,0,1,1
,,,,,,,3011,17942.932,1,0,1,1
,,,,,,,3012,18644.426,1,0,1,1
,,,,,,,3013,19108.838,1,0,1,1
,,,,,,,3014,19971.655,1,0,1,2
,,,,,,,3015,20257.891,1,0,1,1
,,,,,,,3016,20368.428,1,0,1,1
,,,,,,,3017,20403.278,1,0,1,1
,,,,,,,3018,20116.888,1,0,1,1
,,,,,,,3019,19576.379,1,0,1,1
,,,,,,,3020,19122.21,1,0,1,1
,,,,,,,3021,18358.224,1,0,1,1
,,,,,,,3022,16715.564,1,0,1,1
,,,,,,,3023,15066.192,1,0,1,1
,,,,,,,3024,13810.8,1,0,1,1
,,,,,,,3025,13001.347,1,0,1,1
,,,,,,,3026,12505.416,1,0,1,1
,,,,,,,3027,12264.792,1,0,1,1
,,,,,,,3028,12390.982,1,0,1,1
,,,,,,,3029,13018.912,1,0,1,1
,,,,,,,3030,14490.913,1,0,1,1
,,,,,,,3031,16122.488,1,0,1,1
,,,,,,,3032,17341.425,1,0,1,1
,,,,,,,3033,18561.751,1,0,1,1
,,,,,,,3034,19753.329,1,0,1,1
,,,,,,,3035,20675.586,1,0,1,1
,,,,,,,3036,21441.595,1,0,1,1
,,,,,,,3037,21878.671,1,0,1,1
,,,,,,,3038,21990.728,1,0,1,1
,,,,,,,3039,21918.933,1,0,1,1
,,,,,,,3040,21672.565,1,0,1,1
,,,,,,,3041,21264.357,1,0,1,1
,,,,,,,3042,20535.079,1,0,1,1
,,,,,,,3043,19714.99,1,0,1,1
,,,,,,,3044,19145.572,1,0,1,1
,,,,,,,3045,18230.013,1,0,1,1
,,,,,,,3046,16654.51,1,0,1,1
,,,,,,,3047,15035.705,1,0,1,1
,,,,,,,3048,13878.726,1,0,1,1
,,,,,,,3049,12873.2685,1,0,1,2
,,,,,,,3050,12695.543333333335,1,0,1,3
,,,,,,,3051,14460.31,1,0,1,1
,,,,,,,3052,15802.614,1,0,1,1
,,,,,,,3053,16726.608,1,0,1,1
,,,,,,,3054,17495.021,1,0,1,1
,,,,,,,3055,18266.848,1,0,1,1
,,,,,,,3056,18780.482,1,0,1,1
,,,,,,,3057,18795.508,1,0,1,2
,,,,,,,3058,18204.435,1,0,1,1
,,,,,,,3059,17641.564,1,0,1,1
,,,,,,,3060,16829.877,1,0,1,2
,,,,,,,3061,16070.355,1,0,1,1
,,,,,,,3062,15585.281,1,0,1,1
,,,,,,,3063,15318.41,1,0,1,1
,,,,,,,3064,14609.254,1,0,1,1
,,,,,,,3065,13329.955,1,0,1,1
,,,,,,,3066,12046.777,1,0,1,1
,,,,,,,3067,10579.4555,1,0,1,6
,,,,,,,3068,12149.362,1,0,1,1
,,,,,,,3069,13398.551,1,0,1,1
,,,,,,,3070,14226.764,1,0,1,1
,,,,,,,3071,14856.187545454544,1,0,1,11
,,,,,,,3072,13918.936000000002,1,0,1,2
,,,,,,,3073,12711.316,1,0,1,1
,,,,,,,3074,11664.931,1,0,1,1
,,,,,,,3075,10402.968333333332,1,0,1,3
,,,,,,,3076,10151.405999999999,1,0,1,4
,,,,,,,3077,11591.302,1,0,1,1
,,,,,,,3078,12669.502,1,0,1,1
,,,,,,,3079,13563.989,1,0,1,1
,,,,,,,3080,14162.025,1,0,1,1
,,,,,,,3081,14651.436,1,0,1,1
,,,,,,,3082,15018.119,1,0,1,1
,,,,,,,3083,15599.495333333334,1,0,1,3
,,,,,,,3084,16228.232,1,0,1,1
,,,,,,,3085,16394.05,1,0,1,1
,,,,,,,3086,16249.451,1,0,1,1
,,,,,,,3087,15782.028,1,0,1,1
,,,,,,,3088,15340.880000000001,1,0,1,2
,,,,,,,3089,14141.759,1,0,1,1
,,,,,,,3090,12957.812,1,0,1,1
,,,,,,,3091,11963.726,1,0,1,1
,,,,,,,3092,11289.403,1,0,1,1
,,,,,,,3093,10678.8335,1,0,1,2
,,,,,,,3094,10383.889,1,0,1,2
,,,,,,,3095,10772.424,1,0,1,1
,,,,,,,3096,11783.825,1,0,1,1
,,,,,,,3097,13164.572,1,0,1,1
,,,,,,,3098,14545.731,1,0,1,1
,,,,,,,3099,15719.206,1,0,1,1
,,,,,,,3100,16655.076,1,0,1,1
,,,,,,,3101,17589.083,1,0,1,2
,,,,,,,3102,18102.499,1,0,1,1
,,,,,,,3103,18405.141,1,0,1,1
,,,,,,,3104,18725.039,1,0,1,1
,,,,,,,3105,18940.52,1,0,1,1
,,,,,,,3106,18753.37,1,0,1,1
,,,,,,,3107,17782.685666666668,1,0,1,3
,,,,,,,3108,15813.288,1,0,1,1
,,,,,,,3109,14323.247,1,0,1,1
,,,,,,,3110,13169.597,1,0,1,1
,,,,,,,3111,12057.499600000001,1,0,1,5
,,,,,,,3112,13848.641,1,0,1,1
,,,,,,,3113,15543.64,1,0,1,1
,,,,,,,3114,16947.672,1,0,1,1
,,,,,,,3115,18245.153,1,0,1,1
,,,,,,,3116,19404.656,1,0,1,1
,,,,,,,3117,20587.1785,1,0,1,2
,,,,,,,3118,21391.41,1,0,1,2
,,,,,,,3119,21502.135,1,0,1,1
,,,,,,,3120,21422.349,1,0,1,1
,,,,,,,3121,21268.715,1,0,1,1
,,,,,,,3122,20625.122,1,0,1,1
,,,,,,,3123,19767.985,1,0,1,1
,,,,,,,3124,19191.602,1,0,1,1
,,,,,,,3125,18254.397,1,0,1,1
,,,,,,,3126,16568.453,1,0,1,1
,,,,,,,3127,14911.471,1,0,1,1
,,,,,,,3128,13735.542,1,0,1,1
,,,,,,,3129,13009.754,1,0,1,1
,,,,,,,3130,12714.01075,1,0,1,4
,,,,,,,3131,14742.814,1,0,1,1
,,,,,,,3132,16303.017,1,0,1,1
,,,,,,,3133,17507.125,1,0,1,1
,,,,,,,3134,18641.549,1,0,1,1
,,,,,,,3135,19647.508,1,0,1,1
,,,,,,,3136,20580.923,1,0,1,1
,,,,,,,3137,21619.462,1,0,1,3
,,,,,,,3138,22241.589,1,0,1,1
,,,,,,,3139,22177.51,1,0,1,1
,,,,,,,3140,21898.148,1,0,1,1
,,,,,,,3141,21318.543,1,0,1,1
,,,,,,,3142,20275.531499999997,1,0,1,2
,,,,,,,3143,19191.017,1,0,1,1
,,,,,,,3144,17490.619,1,0,1,1
,,,,,,,3145,15783.041,1,0,1,1
,,,,,,,3146,14542.17,1,0,1,1
,,,,,,,3147,13336.968400000002,1,0,1,5
,,,,,,,3148,15161.314,1,0,1,1
,,,,,,,3149,16833.095,1,0,1,1
,,,,,,,3150,18180.136,1,0,1,1
,,,,,,,3151,19474.429,1,0,1,1
,,,,,,,3152,20809.237,1,0,1,1
,,,,,,,3153,21957.193,1,0,1,1
,,,,,,,3154,22809.47,1,0,1,1
,,,,,,,3155,23415.909,1,0,1,1
,,,,,,,3156,23737.508,1,0,1,1
,,,,,,,3157,23777.183,1,0,1,1
,,,,,,,3158,23778.165,1,0,1,1
,,,,,,,3159,23617.56,1,0,1,1
,,,,,,,3160,23030.921,1,0,1,1
,,,,,,,3161,22156.823,1,0,1,1
,,,,,,,3162,21452.272,1,0,1,1
,,,,,,,3163,20420.068,1,0,1,1
,,,,,,,3164,18503.01,1,0,1,1
,,,,,,,3165,16562.828,1,0,1,1
,,,,,,,3166,15133.775,1,0,1,1
,,,,,,,3167,13435.48625,1,0,1,4
,,,,,,,3168,13639.64,1,0,1,1
,,,,,,,3169,15050.709,1,0,1,1
,,,,,,,3170,16864.306,1,0,1,1
,,,,,,,3171,18392.941,1,0,1,1
,,,,,,,3172,19856.757,1,0,1,1
,,,,,,,3173,21258.782,1,0,1,1
,,,,,,,3174,22306.623,1,0,1,1
,,,,,,,3175,23058.254,1,0,1,1
,,,,,,,3176,23660.828,1,0,1,1
,,,,,,,3177,23954.314,1,0,1,1
,,,,,,,3178,23908.241,1,0,1,1
,,,,,,,3179,23757.803,1,0,1,1
,,,,,,,3180,23309.166,1,0,1,1
,,,,,,,3181,22443.249,1,0,1,1
,,,,,,,3182,21735.688,1,0,1,1
,,,,,,,3183,21350.46,1,0,1,1
,,,,,,,3184,20333.14,1,0,1,1
,,,,,,,3185,18464.376,1,0,1,1
,,,,,,,3186,16604.852,1,0,1,1
,,,,,,,3187,15200.509,1,0,1,1
,,,,,,,3188,13882.593,1,0,1,2
,,,,,,,3189,13168.387,1,0,1,1
,,,,,,,3190,13114.656,1,0,1,1
,,,,,,,3191,13547.63,1,0,1,1
,,,,,,,3192,14839.817,1,0,1,1
,,,,,,,3193,16489.225,1,0,1,1
,,,,,,,3194,17914.145,1,0,1,1
,,,,,,,3195,19249.132,1,0,1,1
,,,,,,,3196,20374.091,1,0,1,1
,,,,,,,3197,21239.307,1,0,1,1
,,,,,,,3198,21929.94,1,0,1,1
,,,,,,,3199,22595.973,1,0,1,1
,,,,,,,3200,22998.589,1,0,1,1
,,,,,,,3201,23226.478,1,0,1,1
,,,,,,,3202,23228.053,1,0,1,1
,,,,,,,3203,22947.416,1,0,1,1
,,,,,,,3204,22159.416,1,0,1,1
,,,,,,,3205,21168.994,1,0,1,1
,,,,,,,3206,20480.514,1,0,1,1
,,,,,,,3207,19591.887,1,0,1,1
,,,,,,,3208,18014.5,1,0,1,1
,,,,,,,3209,16343.916,1,0,1,1
,,,,,,,3210,14993.591,1,0,1,1
,,,,,,,3211,14010.268,1,0,1,1
,,,,,,,3212,13352.118,1,0,1,1
,,,,,,,3213,12883.252,1,0,1,1
,,,,,,,3214,12616.577,1,0,1,1
,,,,,,,3215,12542.601,1,0,1,1
,,,,,,,3216,13005.355,1,0,1,1
,,,,,,,3217,14050.923,1,0,1,1
,,,,,,,3218,15307.108,1,0,1,1
,,,,,,,3219,16298.119,1,0,1,1
,,,,,,,3220,17237.906,1,0,1,1
,,,,,,,3221,18067.326,1,0,1,1
,,,,,,,3222,18884.5795,1,0,1,2
,,,,,,,3223,19199.075,1,0,1,1
,,,,,,,3224,19225.135,1,0,1,1
,,,,,,,3225,19122.081,1,0,1,1
,,,,,,,3226,18825.194,1,0,1,1
,,,,,,,3227,18339.808,1,0,1,1
,,,,,,,3228,17877.189,1,0,1,1
,,,,,,,3229,17701.895,1,0,1,1
,,,,,,,3230,17118.059,1,0,1,1
,,,,,,,3231,15985.428,1,0,1,1
,,,,,,,3232,14711.523,1,0,1,1
,,,,,,,3233,13678.751,1,0,1,1
,,,,,,,3234,12945.09,1,0,1,1
,,,,,,,3235,12008.592250000002,1,0,1,4
,,,,,,,3236,11864.376,1,0,1,1
,,,,,,,3237,12563.557,1,0,1,1
,,,,,,,3238,13594.512,1,0,1,1
,,,,,,,3239,14533.472,1,0,1,1
,,,,,,,3240,15341.18,1,0,1,1
,,,,,,,3241,16262.605749999999,1,0,1,4
,,,,,,,3242,16459.816,1,0,1,1
,,,,,,,3243,16521.762,1,0,1,1
,,,,,,,3244,16473.595,1,0,1,1
,,,,,,,3245,16112.015,1,0,1,1
,,,,,,,3246,15357.484333333334,1,0,1,3
,,,,,,,3247,13157.9835,1,0,1,2
,,,,,,,3248,11386.0975,1,0,1,2
,,,,,,,3249,10848.986333333332,1,0,1,3
,,,,,,,3250,11732.827,1,0,1,1
,,,,,,,3251,12892.784,1,0,1,1
,,,,,,,3252,14027.456,1,0,1,1
,,,,,,,3253,14705.485,1,0,1,1
,,,,,,,3254,15094.347,1,0,1,1
,,,,,,,3255,15378.653333333334,1,0,1,3
,,,,,,,3256,15267.506,1,0,1,1
,,,,,,,3257,14925.528000000002,1,0,1,4
,,,,,,,3258,14679.033,1,0,1,1
,,,,,,,3259,14288.4185,1,0,1,2
,,,,,,,3260,13417.021,1,0,1,1
,,,,,,,3261,12257.772,1,0,1,1
,,,,,,,3262,11137.78,1,0,1,1
,,,,,,,3263,10149.3755,1,0,1,2
,,,,,,,3264,9699.769666666667,1,0,1,3
,,,,,,,3265,10569.302,1,0,1,1
,,,,,,,3266,11774.272,1,0,1,1
,,,,,,,3267,13051.711,1,0,1,1
,,,,,,,3268,14645.902454545458,1,0,1,11
,,,,,,,3269,14272.6355,1,0,1,2
,,,,,,,3270,13661.908,1,0,1,1
,,,,,,,3271,12443.369,1,0,1,1
,,,,,,,3272,11271.526,1,0,1,1
,,,,,,,3273,10427.315,1,0,1,1
,,,,,,,3274,9742.33975,1,0,1,4
,,,,,,,3275,10462.182,1,0,1,1
,,,,,,,3276,11706.374,1,0,1,1
,,,,,,,3277,13098.904,1,0,1,1
,,,,,,,3278,14070.382,1,0,1,1
,,,,,,,3279,14895.105,1,0,1,1
,,,,,,,3280,15656.996,1,0,1,1
,,,,,,,3281,16632.643249999997,1,0,1,4
,,,,,,,3282,16983.68,1,0,1,1
,,,,,,,3283,17132.21,1,0,1,1
,,,,,,,3284,17075.651,1,0,1,1
,,,,,,,3285,16626.292,1,0,1,1
,,,,,,,3286,16024.227,1,0,1,1
,,,,,,,3287,15855.243,1,0,1,1
,,,,,,,3288,15149.818,1,0,1,1
,,,,,,,3289,13736.594,1,0,1,1
,,,,,,,3290,12394.136,1,0,1,1
,,,,,,,3291,11419.59,1,0,1,1
,,,,,,,3292,10654.552500000002,1,0,1,2
,,,,,,,3293,10323.952,1,0,1,1
,,,,,,,3294,11366.884666666667,1,0,1,3
,,,,,,,3295,13703.318,1,0,1,1
,,,,,,,3296,14558.123,1,0,1,1
,,,,,,,3297,15168.956,1,0,1,1
,,,,,,,3298,16050.18,1,0,1,3
,,,,,,,3299,16181.041999999998,1,0,1,5
,,,,,,,3300,15867.216,1,0,1,1
,,,,,,,3301,15613.216,1,0,1,1
,,,,,,,3302,15351.594000000001,1,0,1,2
,,,,,,,3303,13882.77,1,0,1,1
,,,,,,,3304,12680.833,1,0,1,1
,,,,,,,3305,11472.616999999998,1,0,1,2
,,,,,,,3306,10861.766,1,0,1,1
,,,,,,,3307,10715.283,1,0,1,1
,,,,,,,3308,10888.574,1,0,1,1
,,,,,,,3309,11528.315,1,0,1,1
,,,,,,,3310,12779.317,1,0,1,1
,,,,,,,3311,14300.53,1,0,1,1
,,,,,,,3312,15584.243,1,0,1,1
,,,,,,,3313,16638.329,1,0,1,1
,,,,,,,3314,17565.07,1,0,1,1
,,,,,,,3315,18178.302,1,0,1,1
,,,,,,,3316,18886.354000000003,1,0,1,3
,,,,,,,3317,19179.223,1,0,1,1
,,,,,,,3318,19153.997,1,0,1,1
,,,,,,,3319,18848.773,1,0,1,1
,,,,,,,3320,18102.018,1,0,1,1
,,,,,,,3321,17427.769,1,0,1,1
,,,,,,,3322,17164.808,1,0,1,1
,,,,,,,3323,15749.211500000001,1,0,1,2
,,,,,,,3324,13644.958,1,0,1,1
,,,,,,,3325,12471.23,1,0,1,1
,,,,,,,3326,11398.4995,1,0,1,2
,,,,,,,3327,10707.7495,1,0,1,2
,,,,,,,3328,10748.01,1,0,1,1
,,,,,,,3329,11150.868,1,0,1,1
,,,,,,,3330,11873.67,1,0,1,1
,,,,,,,3331,12740.776,1,0,1,1
,,,,,,,3332,13415.471,1,0,1,1
,,,,,,,3333,13867.527,1,0,1,1
,,,,,,,3334,13967.94516666667,1,0,1,6
,,,,,,,3335,14081.2,1,0,1,1
,,,,,,,3336,13949.587,1,0,1,1
,,,,,,,3337,13597.093,1,0,1,1
,,,,,,,3338,13546.603,1,0,1,1
,,,,,,,3339,13135.416,1,0,1,1
,,,,,,,3340,12190.966,1,0,1,1
,,,,,,,3341,11189.361,1,0,1,1
,,,,,,,3342,9591.341333333336,1,0,1,6
,,,,,,,3343,9650.487,1,0,1,1
,,,,,,,3344,10439.872,1,0,1,1
,,,,,,,3345,11505.311,1,0,1,1
,,,,,,,3346,12522.756,1,0,1,1
,,,,,,,3347,13302.537,1,0,1,1
,,,,,,,3348,13875.32,1,0,1,1
,,,,,,,3349,14302.082,1,0,1,1
,,,,,,,3350,14532.064,1,0,1,1
,,,,,,,3351,14720.034,1,0,1,1
,,,,,,,3352,14939.977,1,0,1,1
,,,,,,,3353,15277.228,1,0,1,1
,,,,,,,3354,15530.359,1,0,1,1
,,,,,,,3355,15419.761,1,0,1,1
,,,,,,,3356,15003.676,1,0,1,1
,,,,,,,3357,14876.249,1,0,1,1
,,,,,,,3358,14242.775,1,0,1,1
,,,,,,,3359,13030.282,1,0,1,1
,,,,,,,3360,10557.766857142857,1,0,1,7
,,,,,,,3361,11995.145,1,0,1,1
,,,,,,,3362,13484.6,1,0,1,1
,,,,,,,3363,14655.235,1,0,1,1
,,,,,,,3364,15726.066,1,0,1,1
,,,,,,,3365,16713.475,1,0,1,1
,,,,,,,3366,17485.392,1,0,1,1
,,,,,,,3367,18452.7325,1,0,1,2
,,,,,,,3368,19213.247,1,0,1,1
,,,,,,,3369,19562.947,1,0,1,1
,,,,,,,3370,19757.968,1,0,1,1
,,,,,,,3371,19743.427,1,0,1,1
,,,,,,,3372,19297.789,1,0,1,1
,,,,,,,3373,18359.634,1,0,1,2
,,,,,,,3374,17163.566,1,0,1,1
,,,,,,,3375,15495.665,1,0,1,1
,,,,,,,3376,13919.853,1,0,1,1
,,,,,,,3377,11860.932666666668,1,0,1,6
,,,,,,,3378,13341.624,1,0,1,1
,,,,,,,3379,14950.864,1,0,1,1
,,,,,,,3380,16281.326,1,0,1,1
,,,,,,,3381,17431.514,1,0,1,1
,,,,,,,3382,18668.977,1,0,1,1
,,,,,,,3383,19661.003,1,0,1,1
,,,,,,,3384,20425.539,1,0,1,1
,,,,,,,3385,21081.95,1,0,1,1
,,,,,,,3386,21455.293,1,0,1,1
,,,,,,,3387,21648.707,1,0,1,1
,,,,,,,3388,21734.97,1,0,1,1
,,,,,,,3389,21581.785,1,0,1,1
,,,,,,,3390,20974.477,1,0,1,1
,,,,,,,3391,19964.921000000002,1,0,1,2
,,,,,,,3392,18654.307,1,0,1,1
,,,,,,,3393,16854.914,1,0,1,1
,,,,,,,3394,15125.527,1,0,1,1
,,,,,,,3395,13853.803,1,0,1,1
,,,,,,,3396,12540.294,1,0,1,5
,,,,,,,3397,14121.973,1,0,1,1
,,,,,,,3398,15680.518,1,0,1,1
,,,,,,,3399,16914.943,1,0,1,1
,,,,,,,3400,18110.259,1,0,1,1
,,,,,,,3401,19256.987,1,0,1,1
,,,,,,,3402,20617.959,1,0,1,2
,,,,,,,3403,21674.471,1,0,1,1
,,,,,,,3404,21470.564,1,0,1,1
,,,,,,,3405,20858.022,1,0,1,1
,,,,,,,3406,20364.573,1,0,1,1
,,,,,,,3407,19598.651,1,0,1,1
,,,,,,,3408,18765.066,1,0,1,1
,,,,,,,3409,18068.235,1,0,1,1
,,,,,,,3410,17686.665,1,0,1,1
,,,,,,,3411,16748.402,1,0,1,1
,,,,,,,3412,15288.665,1,0,1,1
,,,,,,,3413,13864.39,1,0,1,1
,,,,,,,3414,12850.326,1,0,1,1
,,,,,,,3415,12176.585,1,0,1,1
,,,,,,,3416,11879.99725,1,0,1,4
,,,,,,,3417,13701.93,1,0,1,1
,,,,,,,3418,15160.712,1,0,1,1
,,,,,,,3419,16229.655,1,0,1,1
,,,,,,,3420,17178.641,1,0,1,1
,,,,,,,3421,18182.807,1,0,1,1
,,,,,,,3422,19202.496,1,0,1,1
,,,,,,,3423,20370.5,1,0,1,2
,,,,,,,3424,21125.634,1,0,1,1
,,,,,,,3425,21315.348,1,0,1,1
,,,,,,,3426,21385.886,1,0,1,1
,,,,,,,3427,21135.319,1,0,1,1
,,,,,,,3428,20480.939,1,0,1,1
,,,,,,,3429,19551.771,1,0,1,1
,,,,,,,3430,19098.515,1,0,1,1
,,,,,,,3431,18066.316,1,0,1,1
,,,,,,,3432,16387.971,1,0,1,1
,,,,,,,3433,14783.959,1,0,1,1
,,,,,,,3434,12679.313166666669,1,0,1,6
,,,,,,,3435,14177.426,1,0,1,1
,,,,,,,3436,15629.988,1,0,1,1
,,,,,,,3437,16809.008,1,0,1,1
,,,,,,,3438,17809.874,1,0,1,1
,,,,,,,3439,18864.633,1,0,1,1
,,,,,,,3440,19820.132,1,0,1,1
,,,,,,,3441,20804.878,1,0,1,2
,,,,,,,3442,21241.556,1,0,1,1
,,,,,,,3443,21222.815,1,0,1,1
,,,,,,,3444,20958.359,1,0,1,1
,,,,,,,3445,20476.261,1,0,1,1
,,,,,,,3446,19552.105,1,0,1,1
,,,,,,,3447,18629.809,1,0,1,1
,,,,,,,3448,18242.391,1,0,1,1
,,,,,,,3449,17445.886,1,0,1,1
,,,,,,,3450,16098.767,1,0,1,1
,,,,,,,3451,14719.412,1,0,1,1
,,,,,,,3452,13660.636,1,0,1,1
,,,,,,,3453,12416.217499999999,1,0,1,4
,,,,,,,3454,12568.139,1,0,1,2
,,,,,,,3455,13728.199,1,0,1,1
,,,,,,,3456,14804.366,1,0,1,1
,,,,,,,3457,15706.917,1,0,1,1
,,,,,,,3458,16360.169000000002,1,0,1,2
,,,,,,,3459,16509.651,1,0,1,1
,,,,,,,3460,16533.775,1,0,1,1
,,,,,,,3461,16551.346,1,0,1,1
,,,,,,,3462,16583.292,1,0,1,1
,,,,,,,3463,16771.038,1,0,1,1
,,,,,,,3464,16880.776,1,0,1,1
,,,,,,,3465,16639.967,1,0,1,1
,,,,,,,3466,15824.162000000002,1,0,1,3
,,,,,,,3467,14174.561,1,0,1,1
,,,,,,,3468,12885.343,1,0,1,1
,,,,,,,3469,11813.422,1,0,1,1
,,,,,,,3470,11064.941,1,0,1,1
,,,,,,,3471,10565.063,1,0,1,1
,,,,,,,3472,10162.051,1,0,1,4
,,,,,,,3473,10981.155,1,0,1,1
,,,,,,,3474,12015.009,1,0,1,1
,,,,,,,3475,12899.033,1,0,1,1
,,,,,,,3476,13528.108,1,0,1,1
,,,,,,,3477,13971.753,1,0,1,1
,,,,,,,3478,14366.502,1,0,1,2
,,,,,,,3479,14544.907,1,0,1,1
,,,,,,,3480,14603.291,1,0,1,1
,,,,,,,3481,14761.577,1,0,1,1
,,,,,,,3482,14929.469,1,0,1,1
,,,,,,,3483,14805.705,1,0,1,1
,,,,,,,3484,14511.852,1,0,1,1
,,,,,,,3485,14660.354,1,0,1,1
,,,,,,,3486,14022.268,1,0,1,1
,,,,,,,3487,12922.839,1,0,1,1
,,,,,,,3488,11785.573,1,0,1,1
,,,,,,,3489,10930.559,1,0,1,1
,,,,,,,3490,10405.305,1,0,1,1
,,,,,,,3491,10112.468,1,0,1,1
,,,,,,,3492,10023.453,1,0,1,1
,,,,,,,3493,10248.733,1,0,1,1
,,,,,,,3494,10946.889,1,0,1,1
,,,,,,,3495,12124.315,1,0,1,1
,,,,,,,3496,13524.379,1,0,1,1
,,,,,,,3497,14589.829,1,0,1,1
,,,,,,,3498,15422.67,1,0,1,1
,,,,,,,3499,16031.788,1,0,1,1
,,,,,,,3500,16352.259,1,0,1,1
,,,,,,,3501,16471.565,1,0,1,1
,,,,,,,3502,16531.893,1,0,1,1
,,,,,,,3503,16372.897,1,0,1,1
,,,,,,,3504,16170.645,1,0,1,1
,,,,,,,3505,16088.657,1,0,1,1
,,,,,,,3506,16032.721,1,0,1,1
,,,,,,,3507,15772.078,1,0,1,1
,,,,,,,3508,15456.144,1,0,1,2
,,,,,,,3509,14496.678,1,0,1,1
,,,,,,,3510,13273.452,1,0,1,1
,,,,,,,3511,12104.802,1,0,1,1
,,,,,,,3512,11268.88,1,0,1,1
,,,,,,,3513,10766.072,1,0,1,1
,,,,,,,3514,10482.354,1,0,1,1
,,,,,,,3515,10387.884,1,0,1,1
,,,,,,,3516,10613.068,1,0,1,1
,,,,,,,3517,11364.17,1,0,1,1
,,,,,,,3518,12605.609,1,0,1,1
,,,,,,,3519,13891.647,1,0,1,1
,,,,,,,3520,14690.935,1,0,1,1
,,,,,,,3521,15217.821,1,0,1,1
,,,,,,,3522,15658.418,1,0,1,1
,,,,,,,3523,15951.028,1,0,1,1
,,,,,,,3524,16451.939333333332,1,0,1,3
,,,,,,,3525,16632.594,1,0,1,1
,,,,,,,3526,16681.742,1,0,1,1
,,,,,,,3527,16683.092,1,0,1,1
,,,,,,,3528,16407.045,1,0,1,1
,,,,,,,3529,15918.1205,1,0,1,2
,,,,,,,3530,15042.117,1,0,1,1
,,,,,,,3531,13015.952000000001,1,0,1,2
,,,,,,,3532,11387.243,1,0,1,1
,,,,,,,3533,10795.417,1,0,1,1
,,,,,,,3534,10329.0955,1,0,1,2
,,,,,,,3535,11201.873999999998,1,0,1,3
,,,,,,,3536,13586.891,1,0,1,1
,,,,,,,3537,14648.559,1,0,1,1
,,,,,,,3538,15575.112,1,0,1,1
,,,,,,,3539,16384.676,1,0,1,1
,,,,,,,3540,17019.71,1,0,1,1
,,,,,,,3541,17574.115,1,0,1,1
,,,,,,,3542,18097.034,1,0,1,1
,,,,,,,3543,18486.255,1,0,1,1
,,,,,,,3544,18702.251,1,0,1,1
,,,,,,,3545,18840.563,1,0,1,1
,,,,,,,3546,18803.653,1,0,1,1
,,,,,,,3547,18325.441,1,0,1,1
,,,,,,,3548,17473.438000000002,1,0,1,2
,,,,,,,3549,16342.027,1,0,1,1
,,,,,,,3550,14796.326,1,0,1,1
,,,,,,,3551,13338.448,1,0,1,1
,,,,,,,3552,11856.8315,1,0,1,2
,,,,,,,3553,11457.571999999998,1,0,1,5
,,,,,,,3554,14249.17,1,0,1,1
,,,,,,,3555,15448.805,1,0,1,1
,,,,,,,3556,16567.881,1,0,1,1
,,,,,,,3557,17651.876,1,0,1,1
,,,,,,,3558,18605.542,1,0,1,1
,,,,,,,3559,19559.851000000002,1,0,1,2
,,,,,,,3560,20149.757,1,0,1,1
,,,,,,,3561,20287.265,1,0,1,1
,,,,,,,3562,20276.003,1,0,1,1
,,,,,,,3563,19982.763,1,0,1,1
,,,,,,,3564,19197.909,1,0,1,1
,,,,,,,3565,18413.675,1,0,1,1
,,,,,,,3566,18103.553,1,0,1,1
,,,,,,,3567,17035.278,1,0,1,1
,,,,,,,3568,15441.225,1,0,1,1
,,,,,,,3569,13887.016,1,0,1,1
,,,,,,,3570,11937.689,1,0,1,7
,,,,,,,3571,14400.31,1,0,1,1
,,,,,,,3572,15610.452,1,0,1,1
,,,,,,,3573,16638.163,1,0,1,1
,,,,,,,3574,17569.268,1,0,1,1
,,,,,,,3575,18750.13375,1,0,1,4
,,,,,,,3576,19015.167,1,0,1,1
,,,,,,,3577,18797.383,1,0,1,1
,,,,,,,3578,18446.66,1,0,1,1
,,,,,,,3579,17689.094,1,0,1,1
,,,,,,,3580,17050.845,1,0,1,1
,,,,,,,3581,16852.431,1,0,1,1
,,,,,,,3582,15982.459,1,0,1,1
,,,,,,,3583,14726.656,1,0,1,1
,,,,,,,3584,13454.552,1,0,1,1
,,,,,,,3585,12440.745,1,0,1,1
,,,,,,,3586,11225.176666666666,1,0,1,6
,,,,,,,3587,12198.856,1,0,1,1
,,,,,,,3588,13266.417,1,0,1,1
,,,,,,,3589,14213.253,1,0,1,1
,,,,,,,3590,15028.317,1,0,1,1
,,,,,,,3591,15456.631,1,0,1,1
,,,,,,,3592,15620.101999999999,1,0,1,3
,,,,,,,3593,15764.424,1,0,1,1
,,,,,,,3594,15987.987,1,0,1,1
,,,,,,,3595,16091.383,1,0,1,1
,,,,,,,3596,15873.256,1,0,1,1
,,,,,,,3597,15604.604,1,0,1,1
,,,,,,,3598,15645.425,1,0,1,1
,,,,,,,3599,15078.15,1,0,1,1
,,,,,,,3600,14169.008,1,0,1,1
,,,,,,,3601,13134.294,1,0,1,1
,,,,,,,3602,12314.723,1,0,1,1
,,,,,,,3603,11349.979166666666,1,0,1,6
,,,,,,,3604,12329.543,1,0,1,1
,,,,,,,3605,13683.686,1,0,1,1
,,,,,,,3606,14946.85,1,0,1,1
,,,,,,,3607,15981.625,1,0,1,1
,,,,,,,3608,16775.083,1,0,1,1
,,,,,,,3609,17519.228333333333,1,0,1,3
,,,,,,,3610,17894.487,1,0,1,1
,,,,,,,3611,18078.956,1,0,1,1
,,,,,,,3612,18130.024,1,0,1,1
,,,,,,,3613,17784.293,1,0,1,1
,,,,,,,3614,17147.165,1,0,1,1
,,,,,,,3615,16910.807,1,0,1,1
,,,,,,,3616,15857.194,1,0,1,1
,,,,,,,3617,14451.249,1,0,1,1
,,,,,,,3618,13078.016,1,0,1,1
,,,,,,,3619,12051.463,1,0,1,1
,,,,,,,3620,11004.349,1,0,1,3
,,,,,,,3621,10922.175,1,0,1,1
,,,,,,,3622,12093.083999999999,1,0,1,2
,,,,,,,3623,14009.926,1,0,1,1
,,,,,,,3624,15096.491,1,0,1,1
,,,,,,,3625,15986.292,1,0,1,1
,,,,,,,3626,16919.818,1,0,1,1
,,,,,,,3627,17619.309,1,0,1,1
,,,,,,,3628,18151.262,1,0,1,1
,,,,,,,3629,18643.352,1,0,1,1
,,,,,,,3630,18773.481,1,0,1,1
,,,,,,,3631,18630.492,1,0,1,1
,,,,,,,3632,18430.184,1,0,1,1
,,,,,,,3633,18257.657,1,0,1,1
,,,,,,,3634,17866.139,1,0,1,1
,,,,,,,3635,17386.1915,1,0,1,2
,,,,,,,3636,16319.466,1,0,1,1
,,,,,,,3637,14859.063,1,0,1,1
,,,,,,,3638,13439.278,1,0,1,1
,,,,,,,3639,11771.340000000002,1,0,1,6
,,,,,,,3640,13566.609,1,0,1,1
,,,,,,,3641,14876.937,1,0,1,1
,,,,,,,3642,15803.6,1,0,1,1
,,,,,,,3643,16528.121,1,0,1,1
,,,,,,,3644,17281.035,1,0,1,1
,,,,,,,3645,18026.339500000002,1,0,1,2
,,,,,,,3646,18332.217,1,0,1,1
,,,,,,,3647,18141.681,1,0,1,1
,,,,,,,3648,17848.002,1,0,1,1
,,,,,,,3649,17696.459,1,0,1,1
,,,,,,,3650,17591.892,1,0,1,1
,,,,,,,3651,17134.531,1,0,1,2
,,,,,,,3652,16920.256,1,0,1,1
,,,,,,,3653,16033.985,1,0,1,1
,,,,,,,3654,14681.903,1,0,1,1
,,,,,,,3655,13351.737,1,0,1,1
,,,,,,,3656,11655.247800000001,1,0,1,5
,,,,,,,3657,12165.81,1,0,1,1
,,,,,,,3658,13387.006,1,0,1,1
,,,,,,,3659,14901.557,1,0,1,1
,,,,,,,3660,16057.124,1,0,1,1
,,,,,,,3661,17061.479,1,0,1,1
,,,,,,,3662,17953.075,1,0,1,1
,,,,,,,3663,18658.389,1,0,1,1
,,,,,,,3664,19160.917,1,0,1,1
,,,,,,,3665,19528.168,1,0,1,1
,,,,,,,3666,19708.983,1,0,1,1
,,,,,,,3667,19751.919,1,0,1,1
,,,,,,,3668,19725.139,1,0,1,1
,,,,,,,3669,19468.569,1,0,1,1
,,,,,,,3670,18773.847,1,0,1,1
,,,,,,,3671,17824.097999999998,1,0,1,2
,,,,,,,3672,16505.861,1,0,1,1
,,,,,,,3673,14869.145,1,0,1,1
,,,,,,,3674,13355.773,1,0,1,1
,,,,,,,3675,12212.197,1,0,1,1
,,,,,,,3676,11055.1466,1,0,1,5
,,,,,,,3677,12414.206,1,0,1,1
,,,,,,,3678,13718.447,1,0,1,1
,,,,,,,3679,14712.449,1,0,1,1
,,,,,,,3680,15530.446,1,0,1,1
,,,,,,,3681,16278.798,1,0,1,1
,,,,,,,3682,16900.888,1,0,1,1
,,,,,,,3683,17641.3025,1,0,1,2
,,,,,,,3684,18211.876,1,0,1,1
,,,,,,,3685,18395.937,1,0,1,1
,,,,,,,3686,18453.363,1,0,1,1
,,,,,,,3687,18224.773,1,0,1,1
,,,,,,,3688,17560.235,1,0,1,1
,,,,,,,3689,16881.982,1,0,1,2
,,,,,,,3690,15794.23,1,0,1,1
,,,,,,,3691,14358.726,1,0,1,1
,,,,,,,3692,13044.076,1,0,1,1
,,,,,,,3693,12074.0,1,0,1,1
,,,,,,,3694,11217.95875,1,0,1,4
,,,,,,,3695,12055.773,1,0,1,1
,,,,,,,3696,13324.084,1,0,1,1
,,,,,,,3697,14700.345,1,0,1,1
,,,,,,,3698,15733.984,1,0,1,1
,,,,,,,3699,16562.335,1,0,1,1
,,,,,,,3700,17239.423,1,0,1,1
,,,,,,,3701,17730.204,1,0,1,1
,,,,,,,3702,17946.755,1,0,1,1
,,,,,,,3703,18139.974,1,0,1,1
,,,,,,,3704,18127.696,1,0,1,1
,,,,,,,3705,18007.12,1,0,1,1
,,,,,,,3706,17991.091,1,0,1,1
,,,,,,,3707,17969.496,1,0,1,1
,,,,,,,3708,17771.947,1,0,1,1
,,,,,,,3709,17633.828,1,0,1,1
,,,,,,,3710,17437.319,1,0,1,1
,,,,,,,3711,16714.353,1,0,1,1
,,,,,,,3712,15596.418,1,0,1,1
,,,,,,,3713,14428.304,1,0,1,1
,,,,,,,3714,12451.5804,1,0,1,5
,,,,,,,3715,12248.145,1,0,1,2
,,,,,,,3716,13383.557,1,0,1,1
,,,,,,,3717,14636.607,1,0,1,1
,,,,,,,3718,15829.78,1,0,1,1
,,,,,,,3719,16823.997,1,0,1,1
,,,,,,,3720,17700.655,1,0,1,1
,,,,,,,3721,18394.209,1,0,1,1
,,,,,,,3722,18918.283000000003,1,0,1,2
,,,,,,,3723,19031.988,1,0,1,1
,,,,,,,3724,19040.542,1,0,1,1
,,,,,,,3725,18867.627,1,0,1,1
,,,,,,,3726,18354.323,1,0,1,1
,,,,,,,3727,17570.461,1,0,1,2
,,,,,,,3728,16548.87,1,0,1,1
,,,,,,,3729,15333.216,1,0,1,1
,,,,,,,3730,13569.647,1,0,1,2
,,,,,,,3731,12319.257,1,0,1,1
,,,,,,,3732,11814.763,1,0,1,1
,,,,,,,3733,11403.8975,1,0,1,2
,,,,,,,3734,11433.606,1,0,1,2
,,,,,,,3735,12378.226,1,0,1,1
,,,,,,,3736,13633.864,1,0,1,1
,,,,,,,3737,14842.82,1,0,1,1
,,,,,,,3738,15790.82,1,0,1,1
,,,,,,,3739,16893.432333333334,1,0,1,3
,,,,,,,3740,17388.177,1,0,1,1
,,,,,,,3741,17529.243,1,0,1,1
,,,,,,,3742,17687.687,1,0,1,1
,,,,,,,3743,17724.048,1,0,1,1
,,,,,,,3744,17332.4,1,0,1,1
,,,,,,,3745,16814.235,1,0,1,1
,,,,,,,3746,16662.324,1,0,1,1
,,,,,,,3747,15617.588,1,0,1,1
,,,,,,,3748,14242.99,1,0,1,1
,,,,,,,3749,12984.785,1,0,1,1
,,,,,,,3750,11326.638166666666,1,0,1,6
,,,,,,,3751,12908.006,1,0,1,1
,,,,,,,3752,14320.595,1,0,1,1
,,,,,,,3753,15536.747,1,0,1,1
,,,,,,,3754,16683.981,1,0,1,1
,,,,,,,3755,17788.787,1,0,1,1
,,,,,,,3756,18738.247,1,0,1,1
,,,,,,,3757,19549.612,1,0,1,1
,,,,,,,3758,20204.823,1,0,1,1
,,,,,,,3759,19938.203,1,0,1,1
,,,,,,,3760,19657.61,1,0,1,1
,,,,,,,3761,20123.987,1,0,1,1
,,,,,,,3762,20169.151,1,0,1,1
,,,,,,,3763,19685.791,1,0,1,1
,,,,,,,3764,19118.918,1,0,1,1
,,,,,,,3765,18841.924,1,0,1,1
,,,,,,,3766,17581.734,1,0,1,1
,,,,,,,3767,15964.738,1,0,1,1
,,,,,,,3768,14450.505,1,0,1,1
,,,,,,,3769,12748.304333333333,1,0,1,3
,,,,,,,3770,12033.692,1,0,1,1
,,,,,,,3771,12209.33,1,0,1,1
,,,,,,,3772,13015.133,1,0,1,1
,,,,,,,3773,14320.539,1,0,1,1
,,,,,,,3774,15799.071,1,0,1,1
,,,,,,,3775,17026.6,1,0,1,1
,,,,,,,3776,18116.084,1,0,1,1
,,,,,,,3777,19285.318,1,0,1,1
,,,,,,,3778,20474.965,1,0,1,1
,,,,,,,3779,21454.204,1,0,1,1
,,,,,,,3780,22298.818,1,0,1,1
,,,,,,,3781,22707.953,1,0,1,1
,,,,,,,3782,22905.799,1,0,1,1
,,,,,,,3783,22920.968,1,0,1,1
,,,,,,,3784,22565.703,1,0,1,1
,,,,,,,3785,21826.126,1,0,1,1
,,,,,,,3786,21115.3155,1,0,1,2
,,,,,,,3787,19628.497,1,0,1,1
,,,,,,,3788,17984.291,1,0,1,1
,,,,,,,3789,16338.755,1,0,1,1
,,,,,,,3790,15073.09,1,0,1,1
,,,,,,,3791,13841.250333333332,1,0,1,3
,,,,,,,3792,13611.454,1,0,1,1
,,,,,,,3793,14340.953,1,0,1,1
,,,,,,,3794,15554.537,1,0,1,1
,,,,,,,3795,16757.027,1,0,1,1
,,,,,,,3796,17632.928,1,0,1,1
,,,,,,,3797,18310.945,1,0,1,1
,,,,,,,3798,18895.532,1,0,1,1
,,,,,,,3799,19266.472,1,0,1,1
,,,,,,,3800,19604.449,1,0,1,1
,,,,,,,3801,19921.599,1,0,1,1
,,,,,,,3802,20071.02,1,0,1,1
,,,,,,,3803,19987.105,1,0,1,1
,,,,,,,3804,19767.881,1,0,1,1
,,,,,,,3805,19324.834,1,0,1,1
,,,,,,,3806,18517.083,1,0,1,1
,,,,,,,3807,17765.266,1,0,1,1
,,,,,,,3808,17317.486,1,0,1,1
,,,,,,,3809,16075.239,1,0,1,1
,,,,,,,3810,14466.953,1,0,1,1
,,,,,,,3811,12945.084,1,0,1,1
,,,,,,,3812,11323.677000000001,1,0,1,3
,,,,,,,3813,10883.502333333332,1,0,1,3
,,,,,,,3814,12476.617,1,0,1,1
,,,,,,,3815,13767.956,1,0,1,1
,,,,,,,3816,14768.088,1,0,1,1
,,,,,,,3817,15642.892,1,0,1,1
,,,,,,,3818,16424.603,1,0,1,1
,,,,,,,3819,17186.3715,1,0,1,2
,,,,,,,3820,17765.04,1,0,1,1
,,,,,,,3821,17934.844,1,0,1,1
,,,,,,,3822,17906.855,1,0,1,1
,,,,,,,3823,17791.933,1,0,1,1
,,,,,,,3824,17265.725,1,0,1,1
,,,,,,,3825,16741.826,1,0,1,1
,,,,,,,3826,16273.684000000001,1,0,1,2
,,,,,,,3827,15116.642,1,0,1,1
,,,,,,,3828,13689.786,1,0,1,1
,,,,,,,3829,12367.829,1,0,1,1
,,,,,,,3830,11423.208,1,0,1,1
,,,,,,,3831,10657.0104,1,0,1,5
,,,,,,,3832,12251.734,1,0,1,1
,,,,,,,3833,13480.663,1,0,1,1
,,,,,,,3834,14414.436,1,0,1,1
,,,,,,,3835,15077.396,1,0,1,1
,,,,,,,3836,15714.843,1,0,1,1
,,,,,,,3837,16388.0775,1,0,1,4
,,,,,,,3838,16203.594,1,0,1,1
,,,,,,,3839,16046.27,1,0,1,1
,,,,,,,3840,15796.431,1,0,1,1
,,,,,,,3841,15278.163,1,0,1,1
,,,,,,,3842,14962.244,1,0,1,1
,,,,,,,3843,14758.98,1,0,1,1
,,,,,,,3844,13893.627,1,0,1,1
,,,,,,,3845,12711.853,1,0,1,1
,,,,,,,3846,11547.449,1,0,1,1
,,,,,,,3847,9914.435800000001,1,0,1,5
,,,,,,,3848,9985.1695,1,0,1,2
,,,,,,,3849,11015.112,1,0,1,1
,,,,,,,3850,12040.226,1,0,1,1
,,,,,,,3851,12939.965,1,0,1,1
,,,,,,,3852,13534.351,1,0,1,1
,,,,,,,3853,13945.262,1,0,1,2
,,,,,,,3854,14059.514,1,0,1,1
,,,,,,,3855,14040.088,1,0,1,1
,,,,,,,3856,14044.76,1,0,1,1
,,,,,,,3857,14106.737,1,0,1,1
,,,,,,,3858,14106.467,1,0,1,1
,,,,,,,3859,13864.222,1,0,1,1
,,,,,,,3860,13672.819,1,0,1,2
,,,,,,,3861,12878.113,1,0,1,1
,,,,,,,3862,11424.373,1,0,1,2
,,,,,,,3863,9514.734857142857,1,0,1,7
,,,,,,,3864,10185.745,1,0,1,1
,,,,,,,3865,11169.05,1,0,1,1
,,,,,,,3866,12105.543,1,0,1,1
,,,,,,,3867,12833.411,1,0,1,1
,,,,,,,3868,13677.225999999999,1,0,1,4
,,,,,,,3869,13873.503,1,0,1,1
,,,,,,,3870,14057.869,1,0,1,1
,,,,,,,3871,14254.646,1,0,1,1
,,,,,,,3872,14132.584,1,0,1,1
,,,,,,,3873,14123.066,1,0,1,1
,,,,,,,3874,14099.728,1,0,1,1
,,,,,,,3875,13175.519,1,0,1,1
,,,,,,,3876,12039.812,1,0,1,1
,,,,,,,3877,10648.860499999999,1,0,1,2
,,,,,,,3878,9631.967,1,0,1,4
,,,,,,,3879,10522.583,1,0,1,1
,,,,,,,3880,11712.825,1,0,1,1
,,,,,,,3881,12907.195,1,0,1,1
,,,,,,,3882,13783.241,1,0,1,1
,,,,,,,3883,14612.646,1,0,1,1
,,,,,,,3884,15323.698,1,0,1,1
,,,,,,,3885,15979.451666666666,1,0,1,3
,,,,,,,3886,16175.292,1,0,1,1
,,,,,,,3887,16045.496,1,0,1,1
,,,,,,,3888,15907.076,1,0,1,1
,,,,,,,3889,15731.895,1,0,1,1
,,,,,,,3890,15355.399,1,0,1,1
,,,,,,,3891,15148.147,1,0,1,2
,,,,,,,3892,13898.148,1,0,1,1
,,,,,,,3893,12515.421,1,0,1,1
,,,,,,,3894,10244.616999999998,1,0,1,7
,,,,,,,3895,11999.43,1,0,1,1
,,,,,,,3896,13128.317,1,0,1,1
,,,,,,,3897,13827.136,1,0,1,1
,,,,,,,3898,14359.65,1,0,1,1
,,,,,,,3899,15055.8095,1,0,1,4
,,,,,,,3900,15065.658,1,0,1,1
,,,,,,,3901,14852.066,1,0,1,2
,,,,,,,3902,14867.219,1,0,1,3
,,,,,,,3903,14573.597,1,0,1,1
,,,,,,,3904,13534.469,1,0,1,1
,,,,,,,3905,12257.675,1,0,1,1
,,,,,,,3906,11123.012,1,0,1,1
,,,,,,,3907,9924.421400000001,1,0,1,5
,,,,,,,3908,10810.147,1,0,1,1
,,,,,,,3909,12319.693,1,0,1,1
,,,,,,,3910,13400.042,1,0,1,1
,,,,,,,3911,13982.609,1,0,1,1
,,,,,,,3912,14425.032,1,0,1,1
,,,,,,,3913,14829.111,1,0,1,1
,,,,,,,3914,15176.658,1,0,1,1
,,,,,,,3915,15488.5245,1,0,1,2
,,,,,,,3916,15581.594,1,0,1,1
,,,,,,,3917,15543.89,1,0,1,1
,,,,,,,3918,15561.237,1,0,1,1
,,,,,,,3919,15529.393,1,0,1,1
,,,,,,,3920,15203.2005,1,0,1,2
,,,,,,,3921,14942.651,1,0,1,1
,,,,,,,3922,13869.987,1,0,1,1
,,,,,,,3923,12466.855,1,0,1,1
,,,,,,,3924,10550.227333333334,1,0,1,3
,,,,,,,3925,9708.734,1,0,1,3
,,,,,,,3926,11350.915,1,0,1,2
,,,,,,,3927,13169.751,1,0,1,1
,,,,,,,3928,13962.16,1,0,1,1
,,,,,,,3929,14685.15,1,0,1,1
,,,,,,,3930,15423.575,1,0,1,1
,,,,,,,3931,15908.618,1,0,1,1
,,,,,,,3932,16233.488,1,0,1,1
,,,,,,,3933,16348.377,1,0,1,1
,,,,,,,3934,16059.831,1,0,1,1
,,,,,,,3935,15806.973,1,0,1,1
,,,,,,,3936,15672.55,1,0,1,1
,,,,,,,3937,15527.229,1,0,1,1
,,,,,,,3938,15156.58,1,0,1,1
,,,,,,,3939,14991.551,1,0,1,2
,,,,,,,3940,13809.683,1,0,1,1
,,,,,,,3941,12471.593,1,0,1,1
,,,,,,,3942,11246.307,1,0,1,1
,,,,,,,3943,9838.3275,1,0,1,6
,,,,,,,3944,11510.118,1,0,1,1
,,,,,,,3945,12565.336,1,0,1,1
,,,,,,,3946,13220.901,1,0,1,1
,,,,,,,3947,13722.615,1,0,1,1
,,,,,,,3948,14130.417,1,0,1,1
,,,,,,,3949,14343.078,1,0,1,1
,,,,,,,3950,14414.369,1,0,1,1
,,,,,,,3951,14450.757,1,0,1,1
,,,,,,,3952,14287.907,1,0,1,1
,,,,,,,3953,14044.463,1,0,1,1
,,,,,,,3954,13914.228,1,0,1,1
,,,,,,,3955,13833.67,1,0,1,1
,,,,,,,3956,13546.674,1,0,1,1
,,,,,,,3957,13459.387,1,0,1,2
,,,,,,,3958,12584.208,1,0,1,1
,,,,,,,3959,11557.989,1,0,1,1
,,,,,,,3960,10134.3995,1,0,1,2
,,,,,,,3961,9156.426,1,0,1,6
,,,,,,,3962,10381.419,1,0,1,1
,,,,,,,3963,11275.406,1,0,1,1
,,,,,,,3964,12041.41,1,0,1,1
,,,,,,,3965,12487.452,1,0,1,1
,,,,,,,3966,12681.349,1,0,1,1
,,,,,,,3967,12719.086500000001,1,0,1,2
,,,,,,,3968,12531.08,1,0,1,1
,,,,,,,3969,12393.281,1,0,1,1
,,,,,,,3970,12357.64,1,0,1,1
,,,,,,,3971,12445.747,1,0,1,1
,,,,,,,3972,12564.178999999998,1,0,1,3
,,,,,,,3973,11944.909,1,0,1,1
,,,,,,,3974,10691.768499999998,1,0,1,2
,,,,,,,3975,9118.46875,1,0,1,4
,,,,,,,3976,8812.678,1,0,1,1
,,,,,,,3977,8980.713,1,0,1,1
,,,,,,,3978,9328.499,1,0,1,1
,,,,,,,3979,9966.091,1,0,1,1
,,,,,,,3980,10931.328,1,0,1,1
,,,,,,,3981,11776.865,1,0,1,1
,,,,,,,3982,12341.266,1,0,1,1
,,,,,,,3983,12686.039,1,0,1,1
,,,,,,,3984,12832.997,1,0,1,1
,,,,,,,3985,12741.665,1,0,1,2
,,,,,,,3986,12816.917333333333,1,0,1,3
,,,,,,,3987,12965.779,1,0,1,1
,,,,,,,3988,12939.549,1,0,1,1
,,,,,,,3989,12643.547,1,0,1,1
,,,,,,,3990,11945.382,1,0,1,1
,,,,,,,3991,11090.673,1,0,1,1
,,,,,,,3992,10217.053,1,0,1,1
,,,,,,,3993,9212.292666666666,1,0,1,3
,,,,,,,3994,8849.351,1,0,1,1
,,,,,,,3995,8927.397,1,0,1,1
,,,,,,,3996,9231.207,1,0,1,1
,,,,,,,3997,9628.104,1,0,1,1
,,,,,,,3998,10318.96,1,0,1,1
,,,,,,,3999,11324.604,1,0,1,1
,,,,,,,4000,12341.757,1,0,1,1
,,,,,,,4001,13016.364,1,0,1,1
,,,,,,,4002,13531.126,1,0,1,2
,,,,,,,4003,13696.458,1,0,1,1
,,,,,,,4004,13729.274,1,0,1,1
,,,,,,,4005,13841.205,1,0,1,1
,,,,,,,4006,14104.787,1,0,1,1
,,,,,,,4007,14384.468,1,0,1,1
,,,,,,,4008,14308.722,1,0,1,1
,,,,,,,4009,14543.1965,1,0,1,2
,,,,,,,4010,13474.333,1,0,1,1
,,,,,,,4011,12187.472,1,0,1,1
,,,,,,,4012,10167.4205,1,0,1,6
,,,,,,,4013,11050.329,1,0,1,1
,,,,,,,4014,12708.312,1,0,1,1
,,,,,,,4015,14001.699,1,0,1,1
,,,,,,,4016,14825.861,1,0,1,1
,,,,,,,4017,15714.263,1,0,1,1
,,,,,,,4018,16632.879,1,0,1,1
,,,,,,,4019,17740.595,1,0,1,2
,,,,,,,4020,18633.303,1,0,1,1
,,,,,,,4021,18917.445,1,0,1,1
,,,,,,,4022,19043.836,1,0,1,1
,,,,,,,4023,19046.861,1,0,1,1
,,,,,,,4024,18822.882,1,0,1,1
,,,,,,,4025,18261.652,1,0,1,1
,,,,,,,4026,18070.263,1,0,1,1
,,,,,,,4027,17495.22,1,0,1,1
,,,,,,,4028,16217.009,1,0,1,1
,,,,,,,4029,14650.249,1,0,1,1
,,,,,,,4030,13277.809,1,0,1,1
,,,,,,,4031,12304.988,1,0,1,1
,,,,,,,4032,11414.07625,1,0,1,4
,,,,,,,4033,12290.705,1,0,1,1
,,,,,,,4034,13934.602,1,0,1,1
,,,,,,,4035,15142.5,1,0,1,1
,,,,,,,4036,16146.895,1,0,1,2
,,,,,,,4037,16822.408,1,0,1,1
,,,,,,,4038,16769.392,1,0,1,1
,,,,,,,4039,16707.362,1,0,1,1
,,,,,,,4040,16363.569,1,0,1,1
,,,,,,,4041,16062.192,1,0,1,1
,,,,,,,4042,15918.4614,1,0,1,5
,,,,,,,4043,15339.617,1,0,1,1
,,,,,,,4044,14261.839,1,0,1,1
,,,,,,,4045,12267.1965,1,0,1,2
,,,,,,,4046,10866.963,1,0,1,1
,,,,,,,4047,10176.00975,1,0,1,4
,,,,,,,4048,11103.663,1,0,1,1
,,,,,,,4049,12692.581,1,0,1,1
,,,,,,,4050,13795.863,1,0,1,1
,,,,,,,4051,14308.902,1,0,1,1
,,,,,,,4052,14745.549,1,0,1,1
,,,,,,,4053,15171.317,1,0,1,1
,,,,,,,4054,15468.675,1,0,1,1
,,,,,,,4055,15852.837,1,0,1,3
,,,,,,,4056,15864.623,1,0,1,1
,,,,,,,4057,15797.88,1,0,1,1
,,,,,,,4058,15625.122,1,0,1,1
,,,,,,,4059,15381.618,1,0,1,2
,,,,,,,4060,14991.53,1,0,1,1
,,,,,,,4061,13858.94,1,0,1,1
,,,,,,,4062,12600.557,1,0,1,1
,,,,,,,4063,11406.653,1,0,1,1
,,,,,,,4064,9875.6476,1,0,1,5
,,,,,,,4065,10538.692,1,0,1,1
,,,,,,,4066,11956.473,1,0,1,1
,,,,,,,4067,13000.94,1,0,1,1
,,,,,,,4068,13621.053,1,0,1,1
,,,,,,,4069,14224.359,1,0,1,1
,,,,,,,4070,14758.653,1,0,1,1
,,,,,,,4071,15143.6735,1,0,1,2
,,,,,,,4072,15266.709,1,0,1,1
,,,,,,,4073,15112.004,1,0,1,1
,,,,,,,4074,14879.194,1,0,1,1
,,,,,,,4075,14720.778,1,0,1,1
,,,,,,,4076,14536.606,1,0,1,1
,,,,,,,4077,14246.997,1,0,1,1
,,,,,,,4078,14161.762999999999,1,0,1,2
,,,,,,,4079,13129.415,1,0,1,1
,,,,,,,4080,12043.602,1,0,1,1
,,,,,,,4081,9741.775624999998,1,0,1,8
,,,,,,,4082,10839.589,1,0,1,1
,,,,,,,4083,11790.833,1,0,1,1
,,,,,,,4084,12588.926,1,0,1,1
,,,,,,,4085,13266.113799999997,1,0,1,5
,,,,,,,4086,13029.666,1,0,1,1
,,,,,,,4087,13035.142,1,0,1,1
,,,,,,,4088,13122.205,1,0,1,1
,,,,,,,4089,13053.724,1,0,1,1
,,,,,,,4090,12879.164666666666,1,0,1,3
,,,,,,,4091,11443.17,1,0,1,1
,,,,,,,4092,10526.253,1,0,1,1
,,,,,,,4093,9327.067375,1,0,1,8
,,,,,,,4094,11030.79,1,0,1,1
,,,,,,,4095,11881.512,1,0,1,1
,,,,,,,4096,12489.643,1,0,1,1
,,,,,,,4097,13034.5645,1,0,1,2
,,,,,,,4098,13178.511,1,0,1,1
,,,,,,,4099,13095.875,1,0,1,1
,,,,,,,4100,13095.517,1,0,1,1
,,,,,,,4101,13226.506,1,0,1,1
,,,,,,,4102,13472.911,1,0,1,1
,,,,,,,4103,13542.117,1,0,1,1
,,,,,,,4104,13888.805,1,0,1,1
,,,,,,,4105,13539.441,1,0,1,1
,,,,,,,4106,12552.694,1,0,1,1
,,,,,,,4107,11359.172,1,0,1,1
,,,,,,,4108,10320.171,1,0,1,1
,,,,,,,4109,9626.436,1,0,1,1
,,,,,,,4110,9209.577,1,0,1,1
,,,,,,,4111,9002.509,1,0,1,1
,,,,,,,4112,9132.378499999999,1,0,1,2
,,,,,,,4113,10233.934,1,0,1,1
,,,,,,,4114,11783.964,1,0,1,1
,,,,,,,4115,12808.178,1,0,1,1
,,,,,,,4116,13350.646,1,0,1,1
,,,,,,,4117,13890.63,1,0,1,1
,,,,,,,4118,14475.022,1,0,1,1
,,,,,,,4119,14874.624,1,0,1,1
,,,,,,,4120,15143.02,1,0,1,1
,,,,,,,4121,15386.176,1,0,1,1
,,,,,,,4122,15441.315,1,0,1,1
,,,,,,,4123,15466.453,1,0,1,1
,,,,,,,4124,15500.821,1,0,1,1
,,,,,,,4125,15496.113,1,0,1,1
,,,,,,,4126,15284.49,1,0,1,1
,,,,,,,4127,15485.024,1,0,1,1
,,,,,,,4128,14910.944,1,0,1,1
,,,,,,,4129,13714.532,1,0,1,1
,,,,,,,4130,12306.036,1,0,1,1
,,,,,,,4131,10680.791000000001,1,0,1,2
,,,,,,,4132,9782.206,1,0,1,1
,,,,,,,4133,9498.296,1,0,1,1
,,,,,,,4134,9873.599,1,0,1,3
,,,,,,,4135,12070.022,1,0,1,1
,,,,,,,4136,13074.215,1,0,1,1
,,,,,,,4137,13670.519,1,0,1,1
,,,,,,,4138,14279.108,1,0,1,1
,,,,,,,4139,14953.395,1,0,1,1
,,,,,,,4140,15495.756,1,0,1,1
,,,,,,,4141,16085.77,1,0,1,2
,,,,,,,4142,16487.284,1,0,1,1
,,,,,,,4143,16552.111,1,0,1,1
,,,,,,,4144,16580.633,1,0,1,1
,,,,,,,4145,16482.295,1,0,1,1
,,,,,,,4146,16089.311,1,0,1,1
,,,,,,,4147,16200.268,1,0,1,1
,,,,,,,4148,15586.59,1,0,1,1
,,,,,,,4149,14353.894,1,0,1,1
,,,,,,,4150,12832.344,1,0,1,1
,,,,,,,4151,11528.014,1,0,1,1
,,,,,,,4152,10643.891,1,0,1,1
,,,,,,,4153,9966.1585,1,0,1,2
,,,,,,,4154,9647.878,1,0,1,1
,,,,,,,4155,9839.186,1,0,1,1
,,,,,,,4156,10715.518,1,0,1,1
,,,,,,,4157,12212.99,1,0,1,1
,,,,,,,4158,13247.123,1,0,1,1
,,,,,,,4159,13918.195,1,0,1,1
,,,,,,,4160,14661.015,1,0,1,1
,,,,,,,4161,15402.742,1,0,1,1
,,,,,,,4162,16191.7085,1,0,1,2
,,,,,,,4163,16816.877,1,0,1,1
,,,,,,,4164,17034.792,1,0,1,1
,,,,,,,4165,17065.374,1,0,1,1
,,,,,,,4166,16994.971,1,0,1,1
,,,,,,,4167,16749.329,1,0,1,1
,,,,,,,4168,16465.169,1,0,1,1
,,,,,,,4169,16683.356,1,0,1,1
,,,,,,,4170,16162.979,1,0,1,1
,,,,,,,4171,15035.593,1,0,1,1
,,,,,,,4172,13574.462,1,0,1,1
,,,,,,,4173,12333.457,1,0,1,1
,,,,,,,4174,11059.279333333334,1,0,1,3
,,,,,,,4175,10733.42,1,0,1,2
,,,,,,,4176,11810.656,1,0,1,1
,,,,,,,4177,13455.969,1,0,1,1
,,,,,,,4178,14668.779,1,0,1,1
,,,,,,,4179,15392.12,1,0,1,1
,,,,,,,4180,16023.728,1,0,1,1
,,,,,,,4181,16637.428,1,0,1,1
,,,,,,,4182,17582.18875,1,0,1,4
,,,,,,,4183,17967.261,1,0,1,1
,,,,,,,4184,17945.528,1,0,1,1
,,,,,,,4185,17786.315,1,0,1,1
,,,,,,,4186,17515.658,1,0,1,1
,,,,,,,4187,17686.345,1,0,1,1
,,,,,,,4188,17144.762,1,0,1,1
,,,,,,,4189,16038.124,1,0,1,1
,,,,,,,4190,14557.535,1,0,1,1
,,,,,,,4191,13221.441,1,0,1,1
,,,,,,,4192,11555.2938,1,0,1,5
,,,,,,,4193,12265.873,1,0,1,1
,,,,,,,4194,13920.296,1,0,1,1
,,,,,,,4195,15032.882,1,0,1,1
,,,,,,,4196,15764.74,1,0,1,1
,,,,,,,4197,16456.632,1,0,1,1
,,,,,,,4198,17145.423,1,0,1,1
,,,,,,,4199,18292.68133333333,1,0,1,3
,,,,,,,4200,18751.791,1,0,1,1
,,,,,,,4201,18616.553,1,0,1,1
,,,,,,,4202,18394.385,1,0,1,1
,,,,,,,4203,18018.3,1,0,1,1
,,,,,,,4204,16816.53325,1,0,1,4
,,,,,,,4205,14433.895,1,0,1,1
,,,,,,,4206,11673.46877777778,1,0,1,9
,,,,,,,4207,13633.89,1,0,1,1
,,,,,,,4208,14403.949,1,0,1,1
,,,,,,,4209,14887.833,1,0,1,1
,,,,,,,4210,15288.632,1,0,1,1
,,,,,,,4211,16051.548999999999,1,0,1,3
,,,,,,,4212,16674.634,1,0,1,1
,,,,,,,4213,16777.487,1,0,1,1
,,,,,,,4214,16626.181,1,0,1,1
,,,,,,,4215,15987.542666666666,1,0,1,3
,,,,,,,4216,14686.908,1,0,1,1
,,,,,,,4217,13584.151,1,0,1,1
,,,,,,,4218,12435.386,1,0,1,1
,,,,,,,4219,10735.976625000001,1,0,1,8
,,,,,,,4220,12380.564,1,0,1,1
,,,,,,,4221,13260.871,1,0,1,1
,,,,,,,4222,14008.138,1,0,1,1
,,,,,,,4223,14792.601,1,0,1,1
,,,,,,,4224,15958.038499999999,1,0,1,2
,,,,,,,4225,16629.222,1,0,1,1
,,,,,,,4226,16793.627,1,0,1,1
,,,,,,,4227,16875.489,1,0,1,1
,,,,,,,4228,16809.51,1,0,1,1
,,,,,,,4229,16546.476,1,0,1,1
,,,,,,,4230,16657.901,1,0,1,1
,,,,,,,4231,15984.605,1,0,1,1
,,,,,,,4232,14834.233,1,0,1,1
,,,,,,,4233,12890.769,1,0,1,2
,,,,,,,4234,10901.0416,1,0,1,5
,,,,,,,4235,11872.3,1,0,1,1
,,,,,,,4236,13594.293,1,0,1,1
,,,,,,,4237,14671.361,1,0,1,1
,,,,,,,4238,15216.488,1,0,1,1
,,,,,,,4239,15887.673999999999,1,0,1,2
,,,,,,,4240,16476.858,1,0,1,4
,,,,,,,4241,16398.543,1,0,1,1
,,,,,,,4242,16360.202,1,0,1,1
,,,,,,,4243,16418.656,1,0,1,1
,,,,,,,4244,16486.56,1,0,1,1
,,,,,,,4245,16646.387,1,0,1,1
,,,,,,,4246,15970.652,1,0,1,1
,,,,,,,4247,14824.666,1,0,1,1
,,,,,,,4248,13433.669,1,0,1,1
,,,,,,,4249,12201.428,1,0,1,1
,,,,,,,4250,11112.4205,1,0,1,2
,,,,,,,4251,10565.224,1,0,1,1
,,,,,,,4252,10588.497500000001,1,0,1,2
,,,,,,,4253,11672.335,1,0,1,1
,,,,,,,4254,13370.43,1,0,1,1
,,,,,,,4255,14415.345,1,0,1,1
,,,,,,,4256,14889.13,1,0,1,1
,,,,,,,4257,15489.3185,1,0,1,2
,,,,,,,4258,15949.913250000001,1,0,1,4
,,,,,,,4259,15855.5142,1,0,1,5
,,,,,,,4260,15423.298,1,0,1,1
,,,,,,,4261,14378.846,1,0,1,1
,,,,,,,4262,13099.827,1,0,1,1
,,,,,,,4263,10979.458714285716,1,0,1,7
,,,,,,,4264,13417.021,1,0,1,1
,,,,,,,4265,14588.189,1,0,1,1
,,,,,,,4266,16137.269666666665,1,0,1,12
,,,,,,,4267,15966.296,1,0,1,1
,,,,,,,4268,14949.144,1,0,1,1
,,,,,,,4269,13663.317,1,0,1,1
,,,,,,,4270,12444.896,1,0,1,1
,,,,,,,4271,11146.366,1,0,1,6
,,,,,,,4272,13415.354,1,0,1,1
,,,,,,,4273,14428.048,1,0,1,1
,,,,,,,4274,15003.738,1,0,1,1
,,,,,,,4275,15443.946,1,0,1,1
,,,,,,,4276,15814.718,1,0,1,1
,,,,,,,4277,15957.977749999998,1,0,1,4
,,,,,,,4278,15747.27,1,0,1,1
,,,,,,,4279,15544.25,1,0,1,2
,,,,,,,4280,15493.922,1,0,1,1
,,,,,,,4281,15402.7325,1,0,1,2
,,,,,,,4282,14077.384,1,0,1,1
,,,,,,,4283,12735.289,1,0,1,1
,,,,,,,4284,10312.8695,1,0,1,6
,,,,,,,4285,10787.421,1,0,1,1
,,,,,,,4286,12322.147,1,0,1,1
,,,,,,,4287,13324.359,1,0,1,1
,,,,,,,4288,13884.964,1,0,1,1
,,,,,,,4289,14301.097,1,0,1,1
,,,,,,,4290,14928.526833333335,1,0,1,6
,,,,,,,4291,14919.316,1,0,1,1
,,,,,,,4292,14813.037,1,0,1,1
,,,,,,,4293,14578.757333333333,1,0,1,3
,,,,,,,4294,13422.493,1,0,1,1
,,,,,,,4295,11074.017,1,0,1,4
,,,,,,,4296,9634.285000000002,1,0,1,3
,,,,,,,4297,9936.068,1,0,1,1
,,,,,,,4298,10522.315,1,0,1,1
,,,,,,,4299,11337.666,1,0,1,1
,,,,,,,4300,12369.627,1,0,1,1
,,,,,,,4301,13168.034,1,0,1,1
,,,,,,,4302,13792.942,1,0,1,1
,,,,,,,4303,14326.723,1,0,1,1
,,,,,,,4304,14779.741,1,0,1,1
,,,,,,,4305,15110.323,1,0,1,1
,,,,,,,4306,15360.467,1,0,1,1
,,,,,,,4307,15517.734,1,0,1,1
,,,,,,,4308,15633.816,1,0,1,1
,,,,,,,4309,15610.671,1,0,1,1
,,,,,,,4310,15314.678,1,0,1,1
,,,,,,,4311,15330.511,1,0,1,1
,,,,,,,4312,14680.65,1,0,1,1
,,,,,,,4313,13826.612,1,0,1,1
,,,,,,,4314,12782.307,1,0,1,1
,,,,,,,4315,11729.852,1,0,1,1
,,,,,,,4316,10065.462,1,0,1,6
,,,,,,,4317,10193.708,1,0,1,1
,,,,,,,4318,10853.754,1,0,1,1
,,,,,,,4319,12016.263,1,0,1,1
,,,,,,,4320,13227.708,1,0,1,1
,,,,,,,4321,14363.823,1,0,1,1
,,,,,,,4322,15434.231,1,0,1,1
,,,,,,,4323,16389.838,1,0,1,1
,,,,,,,4324,17083.312,1,0,1,1
,,,,,,,4325,17521.354,1,0,1,1
,,,,,,,4326,17800.413,1,0,1,1
,,,,,,,4327,17983.817,1,0,1,1
,,,,,,,4328,18079.556,1,0,1,1
,,,,,,,4329,17862.984,1,0,1,1
,,,,,,,4330,17919.895,1,0,1,1
,,,,,,,4331,17061.3,1,0,1,1
,,,,,,,4332,15809.324,1,0,1,1
,,,,,,,4333,14321.148,1,0,1,1
,,,,,,,4334,12981.004,1,0,1,1
,,,,,,,4335,11322.919399999999,1,0,1,5
,,,,,,,4336,12130.165,1,0,1,1
,,,,,,,4337,13765.74,1,0,1,1
,,,,,,,4338,14860.307,1,0,1,1
,,,,,,,4339,15793.348,1,0,1,1
,,,,,,,4340,16885.581,1,0,1,1
,,,,,,,4341,18029.451,1,0,1,1
,,,,,,,4342,19014.157,1,0,1,1
,,,,,,,4343,19824.432,1,0,1,1
,,,,,,,4344,20414.935,1,0,1,1
,,,,,,,4345,20633.897,1,0,1,1
,,,,,,,4346,20624.493,1,0,1,1
,,,,,,,4347,20485.184,1,0,1,1
,,,,,,,4348,20102.104,1,0,1,1
,,,,,,,4349,19503.311999999998,1,0,1,2
,,,,,,,4350,18295.925,1,0,1,1
,,,,,,,4351,16804.796,1,0,1,1
,,,,,,,4352,15095.849,1,0,1,1
,,,,,,,4353,13565.583,1,0,1,1
,,,,,,,4354,11842.4,1,0,1,6
,,,,,,,4355,14107.822,1,0,1,1
,,,,,,,4356,15092.79,1,0,1,1
,,,,,,,4357,15672.639,1,0,1,1
,,,,,,,4358,16338.204,1,0,1,1
,,,,,,,4359,17275.138,1,0,1,1
,,,,,,,4360,18224.211,1,0,1,1
,,,,,,,4361,19000.172,1,0,1,1
,,,,,,,4362,19694.139,1,0,1,1
,,,,,,,4363,20093.843,1,0,1,1
,,,,,,,4364,20320.81,1,0,1,1
,,,,,,,4365,20344.348,1,0,1,1
,,,,,,,4366,20014.079,1,0,1,1
,,,,,,,4367,19491.847,1,0,1,2
,,,,,,,4368,18394.98,1,0,1,1
,,,,,,,4369,16926.27,1,0,1,1
,,,,,,,4370,15230.762,1,0,1,1
,,,,,,,4371,13689.507,1,0,1,1
,,,,,,,4372,12620.6,1,0,1,1
,,,,,,,4373,11728.646999999999,1,0,1,5
,,,,,,,4374,14037.692,1,0,1,1
,,,,,,,4375,15046.699,1,0,1,1
,,,,,,,4376,15758.203,1,0,1,1
,,,,,,,4377,16615.707,1,0,1,1
,,,,,,,4378,17795.747,1,0,1,1
,,,,,,,4379,18931.394,1,0,1,1
,,,,,,,4380,19765.378,1,0,1,1
,,,,,,,4381,20438.063,1,0,1,1
,,,,,,,4382,20855.157,1,0,1,1
,,,,,,,4383,21001.492,1,0,1,1
,,,,,,,4384,21050.283,1,0,1,1
,,,,,,,4385,20779.831,1,0,1,1
,,,,,,,4386,20384.617,1,0,1,1
,,,,,,,4387,20428.269,1,0,1,1
,,,,,,,4388,19507.975,1,0,1,1
,,,,,,,4389,18098.608,1,0,1,1
,,,,,,,4390,16411.168,1,0,1,1
,,,,,,,4391,14890.237,1,0,1,1
,,,,,,,4392,13829.049,1,0,1,1
,,,,,,,4393,13197.042,1,0,1,1
,,,,,,,4394,12741.483999999999,1,0,1,3
,,,,,,,4395,13690.572,1,0,1,1
,,,,,,,4396,15242.66,1,0,1,1
,,,,,,,4397,16002.502,1,0,1,1
,,,,,,,4398,16330.056,1,0,1,1
,,,,,,,4399,16688.76,1,0,1,1
,,,,,,,4400,17059.096,1,0,1,1
,,,,,,,4401,17382.57675,1,0,1,4
,,,,,,,4402,17055.682,1,0,1,1
,,,,,,,4403,16671.84,1,0,1,1
,,,,,,,4404,16187.924,1,0,1,1
,,,,,,,4405,15742.535,1,0,1,1
,,,,,,,4406,15719.181,1,0,1,1
,,,,,,,4407,14914.737,1,0,1,1
,,,,,,,4408,13741.75,1,0,1,1
,,,,,,,4409,12346.868,1,0,1,1
,,,,,,,4410,11100.003,1,0,1,1
,,,,,,,4411,10250.101,1,0,1,1
,,,,,,,4412,9528.143250000001,1,0,1,4
,,,,,,,4413,10378.665,1,0,1,1
,,,,,,,4414,11872.837,1,0,1,1
,,,,,,,4415,12790.899,1,0,1,1
,,,,,,,4416,13187.509,1,0,1,1
,,,,,,,4417,13566.126,1,0,1,1
,,,,,,,4418,13977.283,1,0,1,1
,,,,,,,4419,14194.464,1,0,1,1
,,,,,,,4420,14285.467,1,0,1,1
,,,,,,,4421,14328.484,1,0,1,1
,,,,,,,4422,14207.006,1,0,1,1
,,,,,,,4423,14031.604,1,0,1,1
,,,,,,,4424,13929.024,1,0,1,1
,,,,,,,4425,13839.712,1,0,1,1
,,,,,,,4426,13709.131666666666,1,0,1,3
,,,,,,,4427,12536.134,1,0,1,1
,,,,,,,4428,11518.37,1,0,1,1
,,,,,,,4429,9539.989249999999,1,0,1,8
,,,,,,,4430,10814.462,1,0,1,1
,,,,,,,4431,11784.051,1,0,1,1
,,,,,,,4432,12480.533,1,0,1,1
,,,,,,,4433,12711.778,1,0,1,7
,,,,,,,4434,12950.664333333334,1,0,1,3
,,,,,,,4435,12616.629,1,0,1,1
,,,,,,,4436,11974.321,1,0,1,1
,,,,,,,4437,11109.048,1,0,1,1
,,,,,,,4438,10305.551,1,0,1,1
,,,,,,,4439,9066.566833333332,1,0,1,6
,,,,,,,4440,9551.826,1,0,1,1
,,,,,,,4441,10198.895,1,0,1,1
,,,,,,,4442,11035.412,1,0,1,1
,,,,,,,4443,11672.634,1,0,1,1
,,,,,,,4444,12051.135,1,0,1,1
,,,,,,,4445,12281.467,1,0,1,1
,,,,,,,4446,12381.792000000001,1,0,1,2
,,,,,,,4447,12248.976,1,0,1,1
,,,,,,,4448,12156.132,1,0,1,1
,,,,,,,4449,12380.858,1,0,1,1
,,,,,,,4450,12790.28,1,0,1,1
,,,,,,,4451,13276.656,1,0,1,1
,,,,,,,4452,13546.817,1,0,1,1
,,,,,,,4453,12971.985,1,0,1,1
,,,,,,,4454,12016.234,1,0,1,1
,,,,,,,4455,10921.932,1,0,1,1
,,,,,,,4456,9392.948999999999,1,0,1,7
,,,,,,,4457,12472.393,1,0,1,2
,,,,,,,4458,13277.475,1,0,1,1
,,,,,,,4459,13621.47,1,0,1,1
,,,,,,,4460,14033.041,1,0,1,1
,,,,,,,4461,14371.796666666667,1,0,1,3
,,,,,,,4462,14301.681,1,0,1,1
,,,,,,,4463,14137.442,1,0,1,1
,,,,,,,4464,14114.301,1,0,1,1
,,,,,,,4465,14310.44,1,0,1,1
,,,,,,,4466,14646.937999999998,1,0,1,2
,,,,,,,4467,13973.371,1,0,1,1
,,,,,,,4468,12858.648,1,0,1,1
,,,,,,,4469,11559.527,1,0,1,1
,,,,,,,4470,10473.617,1,0,1,1
,,,,,,,4471,9384.8214,1,0,1,5
,,,,,,,4472,10417.487,1,0,1,1
,,,,,,,4473,12139.407,1,0,1,1
,,,,,,,4474,13091.954,1,0,1,1
,,,,,,,4475,13373.552,1,0,1,1
,,,,,,,4476,13651.512,1,0,1,1
,,,,,,,4477,14031.608,1,0,1,1
,,,,,,,4478,14344.233,1,0,1,3
,,,,,,,4479,14298.242,1,0,1,1
,,,,,,,4480,14133.684,1,0,1,1
,,,,,,,4481,14103.648,1,0,1,1
,,,,,,,4482,14252.564,1,0,1,1
,,,,,,,4483,14586.055,1,0,1,1
,,,,,,,4484,14352.2245,1,0,1,2
,,,,,,,4485,12938.901,1,0,1,1
,,,,,,,4486,11648.649,1,0,1,1
,,,,,,,4487,9600.226,1,0,1,6
,,,,,,,4488,10416.727,1,0,1,1
,,,,,,,4489,12588.294000000002,1,0,1,2
,,,,,,,4490,13360.76,1,0,1,1
,,,,,,,4491,13712.139,1,0,1,1
,,,,,,,4492,14172.521,1,0,1,1
,,,,,,,4493,14502.955,1,0,1,1
,,,,,,,4494,14737.786,1,0,1,1
,,,,,,,4495,14872.427,1,0,1,1
,,,,,,,4496,14875.941,1,0,1,1
,,,,,,,4497,14806.161,1,0,1,1
,,,,,,,4498,14787.916,1,0,1,1
,,,,,,,4499,14856.081,1,0,1,1
,,,,,,,4500,15081.643,1,0,1,1
,,,,,,,4501,15176.75,1,0,1,1
,,,,,,,4502,14488.908,1,0,1,1
,,,,,,,4503,10744.188888888888,1,0,1,9
,,,,,,,4504,12492.628,1,0,1,1
,,,,,,,4505,13499.163,1,0,1,1
,,,,,,,4506,14004.309,1,0,1,1
,,,,,,,4507,14488.844,1,0,1,1
,,,,,,,4508,15057.606,1,0,1,1
,,,,,,,4509,15417.187,1,0,1,1
,,,,,,,4510,15674.607,1,0,1,1
,,,,,,,4511,15966.296,1,0,1,1
,,,,,,,4512,15984.579,1,0,1,1
,,,,,,,4513,15904.2,1,0,1,1
,,,,,,,4514,15852.947,1,0,1,1
,,,,,,,4515,15827.524,1,0,1,1
,,,,,,,4516,16051.519,1,0,1,1
,,,,,,,4517,16051.925,1,0,1,1
,,,,,,,4518,15363.158,1,0,1,1
,,,,,,,4519,13719.030999999999,1,0,1,2
,,,,,,,4520,11898.142,1,0,1,1
,,,,,,,4521,10964.196,1,0,1,1
,,,,,,,4522,10368.207,1,0,1,1
,,,,,,,4523,10011.165,1,0,1,1
,,,,,,,4524,9832.169,1,0,1,1
,,,,,,,4525,9996.316,1,0,1,1
,,,,,,,4526,10766.019,1,0,1,1
,,,,,,,4527,12255.231,1,0,1,1
,,,,,,,4528,13209.077,1,0,1,1
,,,,,,,4529,13807.739,1,0,1,1
,,,,,,,4530,14445.44,1,0,1,1
,,,,,,,4531,15223.3826,1,0,1,5
,,,,,,,4532,15000.179,1,0,1,1
,,,,,,,4533,14850.582,1,0,1,1
,,,,,,,4534,14317.706400000001,1,0,1,5
,,,,,,,4535,12173.728,1,0,1,1
,,,,,,,4536,11104.25,1,0,1,1
,,,,,,,4537,9754.238000000001,1,0,1,4
,,,,,,,4538,9635.657500000001,1,0,1,2
,,,,,,,4539,10451.59,1,0,1,1
,,,,,,,4540,11219.361,1,0,1,1
,,,,,,,4541,12183.227,1,0,1,1
,,,,,,,4542,12871.464,1,0,1,1
,,,,,,,4543,13396.34,1,0,1,1
,,,,,,,4544,13718.296,1,0,1,1
,,,,,,,4545,13948.165,1,0,1,1
,,,,,,,4546,14085.329,1,0,1,1
,,,,,,,4547,14071.959,1,0,1,1
,,,,,,,4548,13968.749,1,0,1,1
,,,,,,,4549,14019.086,1,0,1,1
,,,,,,,4550,14159.312,1,0,1,1
,,,,,,,4551,14462.355,1,0,1,1
,,,,,,,4552,14448.086,1,0,1,1
,,,,,,,4553,13643.579,1,0,1,2
,,,,,,,4554,12452.399,1,0,1,1
,,,,,,,4555,11565.248,1,0,1,1
,,,,,,,4556,10319.888500000001,1,0,1,6
,,,,,,,4557,10776.151,1,0,1,1
,,,,,,,4558,11437.685,1,0,1,1
,,,,,,,4559,12503.206,1,0,1,1
,,,,,,,4560,13421.182,1,0,1,1
,,,,,,,4561,14437.019999999999,1,0,1,6
,,,,,,,4562,14819.466,1,0,1,1
,,,,,,,4563,15145.101,1,0,1,1
,,,,,,,4564,15626.3575,1,0,1,2
,,,,,,,4565,15078.602,1,0,1,1
,,,,,,,4566,14273.276,1,0,1,1
,,,,,,,4567,13274.038,1,0,1,1
,,,,,,,4568,12245.963,1,0,1,1
,,,,,,,4569,11465.795,1,0,1,1
,,,,,,,4570,10941.363,1,0,1,1
,,,,,,,4571,10642.464,1,0,1,1
,,,,,,,4572,10564.935,1,0,1,1
,,,,,,,4573,10791.024,1,0,1,1
,,,,,,,4574,11531.102,1,0,1,1
,,,,,,,4575,12738.698,1,0,1,1
,,,,,,,4576,13773.109,1,0,1,1
,,,,,,,4577,14740.139,1,0,1,1
,,,,,,,4578,16337.234666666665,1,0,1,6
,,,,,,,4579,16596.24666666667,1,0,1,3
,,,,,,,4580,17035.656,1,0,1,1
,,,,,,,4581,16764.027,1,0,1,1
,,,,,,,4582,16130.411,1,0,1,1
,,,,,,,4583,15182.317,1,0,1,1
,,,,,,,4584,13971.692,1,0,1,1
,,,,,,,4585,12840.461,1,0,1,1
,,,,,,,4586,11988.675,1,0,1,1
,,,,,,,4587,11064.876750000001,1,0,1,4
,,,,,,,4588,11784.506,1,0,1,1
,,,,,,,4589,13417.936,1,0,1,1
,,,,,,,4590,14373.601,1,0,1,1
,,,,,,,4591,14915.993,1,0,1,1
,,,,,,,4592,15542.329,1,0,1,1
,,,,,,,4593,16131.866,1,0,1,1
,,,,,,,4594,16627.915999999997,1,0,1,2
,,,,,,,4595,16881.54,1,0,1,1
,,,,,,,4596,16774.34,1,0,1,1
,,,,,,,4597,16616.656,1,0,1,1
,,,,,,,4598,16515.144,1,0,1,1
,,,,,,,4599,16366.571,1,0,1,1
,,,,,,,4600,16425.986,1,0,1,1
,,,,,,,4601,16211.401,1,0,1,1
,,,,,,,4602,15320.465,1,0,1,1
,,,,,,,4603,14115.634,1,0,1,1
,,,,,,,4604,12703.168,1,0,1,1
,,,,,,,4605,11407.698,1,0,1,1
,,,,,,,4606,9989.7342,1,0,1,5
,,,,,,,4607,10797.425,1,0,1,1
,,,,,,,4608,12470.691,1,0,1,1
,,,,,,,4609,13479.33,1,0,1,1
,,,,,,,4610,13894.451,1,0,1,1
,,,,,,,4611,14204.963,1,0,1,1
,,,,,,,4612,14444.007,1,0,1,1
,,,,,,,4613,14682.875,1,0,1,1
,,,,,,,4614,14881.249,1,0,1,1
,,,,,,,4615,14911.893,1,0,1,1
,,,,,,,4616,14786.725,1,0,1,1
,,,,,,,4617,14620.735,1,0,1,1
,,,,,,,4618,14570.441,1,0,1,1
,,,,,,,4619,14777.234,1,0,1,1
,,,,,,,4620,15268.731,1,0,1,1
,,,,,,,4621,15060.838,1,0,1,1
,,,,,,,4622,14333.583,1,0,1,1
,,,,,,,4623,13285.482,1,0,1,1
,,,,,,,4624,11968.294,1,0,1,1
,,,,,,,4625,10817.334,1,0,1,1
,,,,,,,4626,9554.889,1,0,1,5
,,,,,,,4627,10454.003,1,0,1,1
,,,,,,,4628,12180.388,1,0,1,1
,,,,,,,4629,13127.349,1,0,1,1
,,,,,,,4630,13372.241,1,0,1,1
,,,,,,,4631,13573.666,1,0,1,1
,,,,,,,4632,13806.358,1,0,1,1
,,,,,,,4633,13985.718666666668,1,0,1,3
,,,,,,,4634,13828.145,1,0,1,1
,,,,,,,4635,13631.547,1,0,1,1
,,,,,,,4636,13616.817,1,0,1,1
,,,,,,,4637,14107.64675,1,0,1,4
,,,,,,,4638,12868.91,1,0,1,1
,,,,,,,4639,11658.344,1,0,1,1
,,,,,,,4640,10593.078,1,0,1,1
,,,,,,,4641,9538.141666666668,1,0,1,3
,,,,,,,4642,9382.6895,1,0,1,2
,,,,,,,4643,10474.473,1,0,1,1
,,,,,,,4644,12194.441,1,0,1,1
,,,,,,,4645,13165.238,1,0,1,1
,,,,,,,4646,13412.803,1,0,1,1
,,,,,,,4647,13605.046,1,0,1,1
,,,,,,,4648,13867.212,1,0,1,1
,,,,,,,4649,14023.2235,1,0,1,2
,,,,,,,4650,13998.607,1,0,1,1
,,,,,,,4651,13811.34,1,0,1,1
,,,,,,,4652,13593.221,1,0,1,1
,,,,,,,4653,13540.511,1,0,1,1
,,,,,,,4654,13670.364,1,0,1,1
,,,,,,,4655,14117.051,1,0,1,1
,,,,,,,4656,13370.992,1,0,1,3
,,,,,,,4657,11651.52,1,0,1,1
,,,,,,,4658,9638.217875,1,0,1,8
,,,,,,,4659,10994.884,1,0,1,1
,,,,,,,4660,11874.641,1,0,1,1
,,,,,,,4661,12518.794,1,0,1,1
,,,,,,,4662,12871.866,1,0,1,1
,,,,,,,4663,12967.783500000001,1,0,1,4
,,,,,,,4664,12836.485,1,0,1,1
,,,,,,,4665,12954.787,1,0,1,1
,,,,,,,4666,13216.64,1,0,1,1
,,,,,,,4667,13641.727,1,0,1,2
,,,,,,,4668,13059.644,1,0,1,1
,,,,,,,4669,12356.083,1,0,1,1
,,,,,,,4670,11493.605,1,0,1,1
,,,,,,,4671,10619.632,1,0,1,1
,,,,,,,4672,9356.846499999998,1,0,1,6
,,,,,,,4673,9811.8,1,0,1,1
,,,,,,,4674,10439.189,1,0,1,1
,,,,,,,4675,11404.723,1,0,1,1
,,,,,,,4676,12208.345,1,0,1,1
,,,,,,,4677,12763.726,1,0,1,1
,,,,,,,4678,13093.674,1,0,1,1
,,,,,,,4679,13333.665,1,0,1,1
,,,,,,,4680,13376.588,1,0,1,2
,,,,,,,4681,13375.597,1,0,1,1
,,,,,,,4682,13555.806,1,0,1,1
,,,,,,,4683,11876.316066666663,1,0,1,15
,,,,,,,4684,13591.217,1,0,1,1
,,,,,,,4685,13850.518,1,0,1,1
,,,,,,,4686,14011.098,1,0,1,1
,,,,,,,4687,14027.373,1,0,1,1
,,,,,,,4688,13920.86,1,0,1,2
,,,,,,,4689,13666.3035,1,0,1,2
,,,,,,,4690,13723.825,1,0,1,1
,,,,,,,4691,14126.626,1,0,1,1
,,,,,,,4692,14729.707,1,0,1,1
,,,,,,,4693,14539.832,1,0,1,1
,,,,,,,4694,13862.004,1,0,1,1
,,,,,,,4695,12840.802,1,0,1,1
,,,,,,,4696,11597.546,1,0,1,1
,,,,,,,4697,9806.248714285714,1,0,1,7
,,,,,,,4698,12512.915,1,0,1,1
,,,,,,,4699,13501.938,1,0,1,1
,,,,,,,4700,13647.524,1,0,1,1
,,,,,,,4701,13705.382,1,0,1,1
,,,,,,,4702,13849.394,1,0,1,1
,,,,,,,4703,13909.405,1,0,1,1
,,,,,,,4704,13855.896,1,0,1,1
,,,,,,,4705,13784.745,1,0,1,1
,,,,,,,4706,13573.185,1,0,1,1
,,,,,,,4707,13345.947,1,0,1,1
,,,,,,,4708,13261.755,1,0,1,1
,,,,,,,4709,13895.34,1,0,1,1
,,,,,,,4710,14699.673,1,0,1,1
,,,,,,,4711,14645.283,1,0,1,1
,,,,,,,4712,13511.925500000001,1,0,1,2
,,,,,,,4713,11734.198,1,0,1,1
,,,,,,,4714,9743.216666666665,1,0,1,6
,,,,,,,4715,10664.983,1,0,1,1
,,,,,,,4716,12491.058,1,0,1,1
,,,,,,,4717,13444.275,1,0,1,1
,,,,,,,4718,13552.637,1,0,1,1
,,,,,,,4719,13673.644,1,0,1,1
,,,,,,,4720,13917.983,1,0,1,1
,,,,,,,4721,14101.835,1,0,1,1
,,,,,,,4722,14173.072,1,0,1,1
,,,,,,,4723,14200.899,1,0,1,1
,,,,,,,4724,14068.241,1,0,1,1
,,,,,,,4725,13921.417,1,0,1,1
,,,,,,,4726,13970.378,1,0,1,1
,,,,,,,4727,14202.719,1,0,1,1
,,,,,,,4728,14001.811249999999,1,0,1,4
,,,,,,,4729,11585.158,1,0,1,1
,,,,,,,4730,10492.201,1,0,1,1
,,,,,,,4731,9599.856500000002,1,0,1,6
,,,,,,,4732,12301.18,1,0,1,1
,,,,,,,4733,13258.451,1,0,1,1
,,,,,,,4734,13480.38,1,0,1,1
,,,,,,,4735,13686.038,1,0,1,1
,,,,,,,4736,14022.742,1,0,1,1
,,,,,,,4737,14245.021,1,0,1,1
,,,,,,,4738,14305.506,1,0,1,1
,,,,,,,4739,14335.126,1,0,1,1
,,,,,,,4740,14168.99,1,0,1,1
,,,,,,,4741,13971.175,1,0,1,1
,,,,,,,4742,13949.147,1,0,1,1
,,,,,,,4743,14143.433,1,0,1,1
,,,,,,,4744,14729.272,1,0,1,1
,,,,,,,4745,14535.619,1,0,1,1
,,,,,,,4746,13903.688,1,0,1,1
,,,,,,,4747,12909.454,1,0,1,1
,,,,,,,4748,11677.088,1,0,1,1
,,,,,,,4749,9596.374666666665,1,0,1,6
,,,,,,,4750,10294.776,1,0,1,1
,,,,,,,4751,11986.153,1,0,1,1
,,,,,,,4752,12954.11,1,0,1,1
,,,,,,,4753,13252.076,1,0,1,1
,,,,,,,4754,13536.227,1,0,1,1
,,,,,,,4755,13846.152,1,0,1,1
,,,,,,,4756,14030.185,1,0,1,1
,,,,,,,4757,14049.338,1,0,1,1
,,,,,,,4758,14029.356,1,0,1,1
,,,,,,,4759,13886.804,1,0,1,1
,,,,,,,4760,13677.186,1,0,1,1
,,,,,,,4761,13641.191,1,0,1,1
,,,,,,,4762,13755.098,1,0,1,1
,,,,,,,4763,13961.753,1,0,1,2
,,,,,,,4764,13202.033,1,0,1,1
,,,,,,,4765,12431.301,1,0,1,1
,,,,,,,4766,11450.239,1,0,1,1
,,,,,,,4767,10450.524,1,0,1,1
,,,,,,,4768,9197.6255,1,0,1,6
,,,,,,,4769,10100.41,1,0,1,1
,,,,,,,4770,10867.879,1,0,1,1
,,,,,,,4771,11658.405,1,0,1,1
,,,,,,,4772,12222.342,1,0,1,1
,,,,,,,4773,12576.567,1,0,1,1
,,,,,,,4774,12728.449333333332,1,0,1,3
,,,,,,,4775,12538.544,1,0,1,1
,,,,,,,4776,12464.954,1,0,1,1
,,,,,,,4777,12513.053,1,0,1,1
,,,,,,,4778,12816.219,1,0,1,1
,,,,,,,4779,12981.837666666666,1,0,1,3
,,,,,,,4780,11471.139,1,0,1,2
,,,,,,,4781,9278.378333333334,1,0,1,9
,,,,,,,4782,10885.027,1,0,1,1
,,,,,,,4783,11572.398,1,0,1,1
,,,,,,,4784,12075.702,1,0,1,1
,,,,,,,4785,12559.305333333332,1,0,1,3
,,,,,,,4786,12551.085,1,0,1,1
,,,,,,,4787,12495.17,1,0,1,1
,,,,,,,4788,12699.447,1,0,1,1
,,,,,,,4789,13194.849,1,0,1,1
,,,,,,,4790,13881.603,1,0,1,1
,,,,,,,4791,13653.195,1,0,1,1
,,,,,,,4792,12984.073,1,0,1,1
,,,,,,,4793,12058.491,1,0,1,1
,,,,,,,4794,11060.183,1,0,1,1
,,,,,,,4795,9280.975333333334,1,0,1,6
,,,,,,,4796,10209.359,1,0,1,1
,,,,,,,4797,12020.984,1,0,1,1
,,,,,,,4798,13058.858,1,0,1,1
,,,,,,,4799,13382.651,1,0,1,1
,,,,,,,4800,13769.169,1,0,1,1
,,,,,,,4801,14064.567,1,0,1,1
,,,,,,,4802,14217.002,1,0,1,1
,,,,,,,4803,14427.779999999999,1,0,1,2
,,,,,,,4804,14409.93,1,0,1,1
,,,,,,,4805,14287.282,1,0,1,1
,,,,,,,4806,14328.354,1,0,1,1
,,,,,,,4807,14768.803,1,0,1,1
,,,,,,,4808,15304.261,1,0,1,1
,,,,,,,4809,14100.267666666667,1,0,1,3
,,,,,,,4810,11932.818,1,0,1,1
,,,,,,,4811,10473.032,1,0,1,2
,,,,,,,4812,9682.826500000001,1,0,1,4
,,,,,,,4813,10844.743,1,0,1,1
,,,,,,,4814,12666.983,1,0,1,1
,,,,,,,4815,13921.185,1,0,1,1
,,,,,,,4816,14355.255,1,0,1,1
,,,,,,,4817,15109.762499999999,1,0,1,4
,,,,,,,4818,15379.954199999998,1,0,1,5
,,,,,,,4819,12297.655153846154,1,0,1,13
,,,,,,,4820,14690.97375,1,0,1,4
,,,,,,,4821,15278.577,1,0,1,1
,,,,,,,4822,15073.181499999999,1,0,1,2
,,,,,,,4823,14802.227,1,0,1,1
,,,,,,,4824,14970.7576,1,0,1,5
,,,,,,,4825,14191.324,1,0,1,1
,,,,,,,4826,13188.869,1,0,1,1
,,,,,,,4827,11946.305,1,0,1,1
,,,,,,,4828,10844.867,1,0,1,1
,,,,,,,4829,10104.109,1,0,1,1
,,,,,,,4830,9664.122,1,0,1,1
,,,,,,,4831,9459.982666666665,1,0,1,3
,,,,,,,4832,10526.946,1,0,1,1
,,,,,,,4833,12274.23,1,0,1,1
,,,,,,,4834,13650.0485,1,0,1,2
,,,,,,,4835,14178.479500000001,1,0,1,2
,,,,,,,4836,14367.937,1,0,1,1
,,,,,,,4837,14311.799,1,0,1,1
,,,,,,,4838,14291.435,1,0,1,1
,,,,,,,4839,14073.975,1,0,1,1
,,,,,,,4840,13892.881,1,0,1,1
,,,,,,,4841,14166.9525,1,0,1,2
,,,,,,,4842,13950.417249999999,1,0,1,4
,,,,,,,4843,11656.097,1,0,1,1
,,,,,,,4844,10550.193,1,0,1,1
,,,,,,,4845,9834.85,1,0,1,1
,,,,,,,4846,9445.224,1,0,1,1
,,,,,,,4847,9239.043,1,0,1,1
,,,,,,,4848,9187.083,1,0,1,1
,,,,,,,4849,9477.621,1,0,1,1
,,,,,,,4850,10445.682,1,0,1,1
,,,,,,,4851,12224.035,1,0,1,1
,,,,,,,4852,13246.847,1,0,1,1
,,,,,,,4853,13453.511,1,0,1,1
,,,,,,,4854,13560.5,1,0,1,1
,,,,,,,4855,13733.981,1,0,1,1
,,,,,,,4856,13772.762999999999,1,0,1,2
,,,,,,,4857,13650.317,1,0,1,1
,,,,,,,4858,13421.076,1,0,1,1
,,,,,,,4859,13210.163,1,0,1,1
,,,,,,,4860,13247.687,1,0,1,1
,,,,,,,4861,13476.721,1,0,1,1
,,,,,,,4862,12961.860999999999,1,0,1,5
,,,,,,,4863,10531.298,1,0,1,1
,,,,,,,4864,9473.969,1,0,1,7
,,,,,,,4865,11090.619,1,0,1,1
,,,,,,,4866,11852.183,1,0,1,1
,,,,,,,4867,12330.719,1,0,1,1
,,,,,,,4868,12670.324,1,0,1,1
,,,,,,,4869,12715.514,1,0,1,2
,,,,,,,4870,12448.26,1,0,1,1
,,,,,,,4871,12219.8,1,0,1,1
,,,,,,,4872,12144.891,1,0,1,1
,,,,,,,4873,12272.222,1,0,1,1
,,,,,,,4874,12757.531,1,0,1,1
,,,,,,,4875,13347.027,1,0,1,1
,,,,,,,4876,12765.1295,1,0,1,2
,,,,,,,4877,11883.548,1,0,1,1
,,,,,,,4878,11081.374,1,0,1,1
,,,,,,,4879,9372.689333333334,1,0,1,9
,,,,,,,4880,11059.566,1,0,1,1
,,,,,,,4881,11883.37,1,0,1,1
,,,,,,,4882,12760.825333333334,1,0,1,3
,,,,,,,4883,13027.461666666664,1,0,1,3
,,,,,,,4884,13371.144,1,0,1,1
,,,,,,,4885,14099.146,1,0,1,2
,,,,,,,4886,13775.342,1,0,1,1
,,,,,,,4887,9935.462333333335,1,0,1,9
,,,,,,,4888,9125.473,1,0,1,1
,,,,,,,4889,10876.786,1,0,1,2
,,,,,,,4890,11676.85,1,0,1,1
,,,,,,,4891,11996.413,1,0,1,1
,,,,,,,4892,12366.507,1,0,1,2
,,,,,,,4893,12416.08625,1,0,1,4
,,,,,,,4894,12324.787,1,0,1,1
,,,,,,,4895,11426.326333333334,1,0,1,9
,,,,,,,4896,8698.341,1,0,1,1
,,,,,,,4897,10333.3622,1,0,1,5
,,,,,,,4898,12829.719,1,0,1,1
,,,,,,,4899,13031.557,1,0,1,1
,,,,,,,4900,13248.105,1,0,1,1
,,,,,,,4901,13350.805333333332,1,0,1,3
,,,,,,,4902,13156.654,1,0,1,1
,,,,,,,4903,13023.397,1,0,1,1
,,,,,,,4904,13128.606,1,0,1,1
,,,,,,,4905,13371.246,1,0,1,1
,,,,,,,4906,13670.753,1,0,1,1
,,,,,,,4907,13393.823,1,0,1,1
,,,,,,,4908,13119.961,1,0,1,1
,,,,,,,4909,12461.905,1,0,1,1
,,,,,,,4910,11415.762,1,0,1,1
,,,,,,,4911,10438.964,1,0,1,1
,,,,,,,4912,9630.6445,1,0,1,2
,,,,,,,4913,9413.352,1,0,1,3
,,,,,,,4914,10627.529,1,0,1,1
,,,,,,,4915,12395.008,1,0,1,1
,,,,,,,4916,13502.361,1,0,1,1
,,,,,,,4917,13769.961,1,0,1,1
,,,,,,,4918,13964.029857142856,1,0,1,7
,,,,,,,4919,14026.474,1,0,1,1
,,,,,,,4920,14691.116,1,0,1,1
,,,,,,,4921,15146.164,1,0,1,1
,,,,,,,4922,14494.317500000001,1,0,1,2
,,,,,,,4923,13189.164,1,0,1,1
,,,,,,,4924,11914.671,1,0,1,1
,,,,,,,4925,10795.881,1,0,1,1
,,,,,,,4926,9840.712,1,0,1,2
,,,,,,,4927,9450.759333333333,1,0,1,3
,,,,,,,4928,10567.873,1,0,1,1
,,,,,,,4929,12320.583,1,0,1,1
,,,,,,,4930,13588.718,1,0,1,2
,,,,,,,4931,13910.942,1,0,1,1
,,,,,,,4932,14105.709,1,0,1,1
,,,,,,,4933,14265.478333333333,1,0,1,3
,,,,,,,4934,14183.193,1,0,1,1
,,,,,,,4935,14054.23,1,0,1,1
,,,,,,,4936,14098.217,1,0,1,1
,,,,,,,4937,14536.648,1,0,1,1
,,,,,,,4938,14880.276,1,0,1,2
,,,,,,,4939,14033.457,1,0,1,1
,,,,,,,4940,13027.788,1,0,1,1
,,,,,,,4941,11842.918,1,0,1,1
,,,,,,,4942,9715.275666666666,1,0,1,6
,,,,,,,4943,10412.232,1,0,1,1
,,,,,,,4944,12125.251,1,0,1,1
,,,,,,,4945,13244.749,1,0,1,1
,,,,,,,4946,13581.108,1,0,1,1
,,,,,,,4947,13871.009,1,0,1,1
,,,,,,,4948,14190.839,1,0,1,1
,,,,,,,4949,14423.237,1,0,1,1
,,,,,,,4950,14445.268,1,0,1,1
,,,,,,,4951,14468.783,1,0,1,1
,,,,,,,4952,14359.292,1,0,1,1
,,,,,,,4953,14162.445,1,0,1,1
,,,,,,,4954,14191.346,1,0,1,1
,,,,,,,4955,14357.853000000001,1,0,1,3
,,,,,,,4956,13291.195,1,0,1,1
,,,,,,,4957,11935.4295,1,0,1,2
,,,,,,,4958,9400.109333333334,1,0,1,6
,,,,,,,4959,9450.425,1,0,1,1
,,,,,,,4960,10216.327,1,0,1,1
,,,,,,,4961,11083.805,1,0,1,1
,,,,,,,4962,11877.977,1,0,1,1
,,,,,,,4963,12356.511,1,0,1,1
,,,,,,,4964,12582.647,1,0,1,1
,,,,,,,4965,12551.4375,1,0,1,2
,,,,,,,4966,12295.604,1,0,1,1
,,,,,,,4967,12067.176,1,0,1,1
,,,,,,,4968,12004.558,1,0,1,1
,,,,,,,4969,12231.104,1,0,1,1
,,,,,,,4970,13161.062333333333,1,0,1,3
,,,,,,,4971,12653.404,1,0,1,1
,,,,,,,4972,11670.7345,1,0,1,2
,,,,,,,4973,10444.636,1,0,1,1
,,,,,,,4974,9785.907,1,0,1,1
,,,,,,,4975,9119.560000000001,1,0,1,5
,,,,,,,4976,10048.753,1,0,1,1
,,,,,,,4977,10906.091,1,0,1,1
,,,,,,,4978,11794.008,1,0,1,1
,,,,,,,4979,12345.695,1,0,1,1
,,,,,,,4980,12721.104666666666,1,0,1,3
,,,,,,,4981,12800.626,1,0,1,2
,,,,,,,4982,12999.767,1,0,1,1
,,,,,,,4983,13761.909,1,0,1,1
,,,,,,,4984,14424.924,1,0,1,1
,,,,,,,4985,14093.931,1,0,1,1
,,,,,,,4986,13548.953,1,0,1,1
,,,,,,,4987,12324.3555,1,0,1,2
,,,,,,,4988,9588.420285714285,1,0,1,7
,,,,,,,4989,10574.922,1,0,1,1
,,,,,,,4990,13204.204666666667,1,0,1,3
,,,,,,,4991,14143.42,1,0,1,1
,,,,,,,4992,14409.1375,1,0,1,2
,,,,,,,4993,14412.803,1,0,1,2
,,,,,,,4994,14286.441,1,0,1,1
,,,,,,,4995,14808.7592,1,0,1,5
,,,,,,,4996,13628.446,1,0,1,1
,,,,,,,4997,12569.154,1,0,1,1
,,,,,,,4998,11384.86,1,0,1,1
,,,,,,,4999,9717.17175,1,0,1,4
,,,,,,,5000,9331.819,1,0,1,1
,,,,,,,5001,9707.875,1,0,1,1
,,,,,,,5002,10800.415,1,0,1,1
,,,,,,,5003,12459.192,1,0,1,1
,,,,,,,5004,13370.265,1,0,1,1
,,,,,,,5005,13623.151,1,0,1,1
,,,,,,,5006,13805.409,1,0,1,1
,,,,,,,5007,13965.614,1,0,1,1
,,,,,,,5008,14031.099,1,0,1,1
,,,,,,,5009,14027.149,1,0,1,1
,,,,,,,5010,14075.5765,1,0,1,2
,,,,,,,5011,14194.876,1,0,1,1
,,,,,,,5012,14970.044,1,0,1,1
,,,,,,,5013,15558.981,1,0,1,2
,,,,,,,5014,15012.078,1,0,1,1
,,,,,,,5015,14347.306,1,0,1,1
,,,,,,,5016,13320.216,1,0,1,1
,,,,,,,5017,12105.13,1,0,1,1
,,,,,,,5018,11085.411,1,0,1,1
,,,,,,,5019,10179.9552,1,0,1,5
,,,,,,,5020,11482.532,1,0,1,1
,,,,,,,5021,13283.038,1,0,1,1
,,,,,,,5022,14203.702,1,0,1,1
,,,,,,,5023,14397.139,1,0,1,1
,,,,,,,5024,14415.458,1,0,1,1
,,,,,,,5025,14354.657,1,0,1,3
,,,,,,,5026,14103.581,1,0,1,1
,,,,,,,5027,13962.038,1,0,1,1
,,,,,,,5028,14096.531,1,0,1,1
,,,,,,,5029,14902.358,1,0,1,1
,,,,,,,5030,15861.357499999998,1,0,1,2
,,,,,,,5031,15107.627499999999,1,0,1,2
,,,,,,,5032,13866.835,1,0,1,1
,,,,,,,5033,12134.234,1,0,1,2
,,,,,,,5034,11008.7,1,0,1,1
,,,,,,,5035,10700.660249999999,1,0,1,4
,,,,,,,5036,12149.686,1,0,1,1
,,,,,,,5037,13885.089,1,0,1,1
,,,,,,,5038,14675.901,1,0,1,1
,,,,,,,5039,14671.749,1,0,1,1
,,,,,,,5040,14562.378,1,0,1,1
,,,,,,,5041,14398.392333333335,1,0,1,3
,,,,,,,5042,14091.191,1,0,1,1
,,,,,,,5043,13947.252,1,0,1,1
,,,,,,,5044,14020.089,1,0,1,1
,,,,,,,5045,14728.822,1,0,1,1
,,,,,,,5046,15495.7095,1,0,1,2
,,,,,,,5047,14948.456,1,0,1,1
,,,,,,,5048,14324.683,1,0,1,1
,,,,,,,5049,13418.936,1,0,1,1
,,,,,,,5050,12232.047,1,0,1,1
,,,,,,,5051,10572.388333333332,1,0,1,3
,,,,,,,5052,9850.678,1,0,1,1
,,,,,,,5053,9837.358,1,0,1,1
,,,,,,,5054,10195.036,1,0,1,1
,,,,,,,5055,11109.3,1,0,1,1
,,,,,,,5056,12509.29,1,0,1,1
,,,,,,,5057,13558.314,1,0,1,1
,,,,,,,5058,14134.254,1,0,1,1
,,,,,,,5059,14674.59,1,0,1,5
,,,,,,,5060,14588.344,1,0,1,1
,,,,,,,5061,15731.849666666667,1,0,1,6
,,,,,,,5062,14645.741,1,0,1,1
,,,,,,,5063,12147.819500000001,1,0,1,8
,,,,,,,5064,12848.056,1,0,1,1
,,,,,,,5065,13599.889,1,0,1,1
,,,,,,,5066,14282.658,1,0,1,1
,,,,,,,5067,14631.991,1,0,1,1
,,,,,,,5068,14723.419,1,0,1,1
,,,,,,,5069,14581.773,1,0,1,1
,,,,,,,5070,14280.574,1,0,1,1
,,,,,,,5071,13892.963,1,0,1,1
,,,,,,,5072,13697.984,1,0,1,1
,,,,,,,5073,13885.799,1,0,1,1
,,,,,,,5074,15233.848,1,0,1,4
,,,,,,,5075,14594.485,1,0,1,1
,,,,,,,5076,13974.69,1,0,1,1
,,,,,,,5077,13144.438,1,0,1,1
,,,,,,,5078,12330.43,1,0,1,1
,,,,,,,5079,11695.214,1,0,1,1
,,,,,,,5080,11338.291833333331,1,0,1,6
,,,,,,,5081,12655.012,1,0,1,1
,,,,,,,5082,13425.671,1,0,1,1
,,,,,,,5083,13832.539,1,0,1,1
,,,,,,,5084,13887.699,1,0,1,1
,,,,,,,5085,13747.4155,1,0,1,2
,,,,,,,5086,13451.959,1,0,1,1
,,,,,,,5087,13307.389,1,0,1,1
,,,,,,,5088,13517.035,1,0,1,1
,,,,,,,5089,14733.703833333333,1,0,1,6
,,,,,,,5090,11253.06675,1,0,1,8
,,,,,,,5091,15149.400599999999,1,0,1,10
,,,,,,,5092,16414.947,1,0,1,3
,,,,,,,5093,15992.671,1,0,1,1
,,,,,,,5094,15289.934,1,0,1,1
,,,,,,,5095,14213.576,1,0,1,1
,,,,,,,5096,12921.803,1,0,1,1
,,,,,,,5097,11809.426,1,0,1,1
,,,,,,,5098,10802.392,1,0,1,5
,,,,,,,5099,12027.637,1,0,1,1
,,,,,,,5100,13756.119,1,0,1,1
,,,,,,,5101,15367.31707142857,1,0,1,14
,,,,,,,5102,14135.453,1,0,1,1
,,,,,,,5103,12861.765,1,0,1,1
,,,,,,,5104,11773.746,1,0,1,1
,,,,,,,5105,11114.312,1,0,1,1
,,,,,,,5106,10788.529999999999,1,0,1,4
,,,,,,,5107,12206.146,1,0,1,1
,,,,,,,5108,13981.694,1,0,1,1
,,,,,,,5109,14799.232,1,0,1,1
,,,,,,,5110,14803.682,1,0,1,1
,,,,,,,5111,14681.894,1,0,1,1
,,,,,,,5112,14662.874,1,0,1,2
,,,,,,,5113,14459.354,1,0,1,1
,,,,,,,5114,14347.573,1,0,1,1
,,,,,,,5115,14263.405,1,0,1,1
,,,,,,,5116,14399.438,1,0,1,1
,,,,,,,5117,15315.237,1,0,1,1
,,,,,,,5118,16142.902999999998,1,0,1,2
,,,,,,,5119,15685.86,1,0,1,1
,,,,,,,5120,14598.486,1,0,1,2
,,,,,,,5121,12830.963,1,0,1,1
,,,,,,,5122,11736.765,1,0,1,1
,,,,,,,5123,11056.791,1,0,1,1
,,,,,,,5124,10665.899,1,0,1,1
,,,,,,,5125,10533.327666666666,1,0,1,3
,,,,,,,5126,11775.22,1,0,1,1
,,,,,,,5127,13542.436,1,0,1,1
,,,,,,,5128,14488.214,1,0,1,1
,,,,,,,5129,14781.095,1,0,1,1
,,,,,,,5130,14894.566,1,0,1,1
,,,,,,,5131,14988.686,1,0,1,1
,,,,,,,5132,14884.6,1,0,1,3
,,,,,,,5133,14714.234,1,0,1,1
,,,,,,,5134,14735.78,1,0,1,1
,,,,,,,5135,15363.399,1,0,1,1
,,,,,,,5136,15954.745,1,0,1,1
,,,,,,,5137,15534.163499999999,1,0,1,2
,,,,,,,5138,14682.33,1,0,1,1
,,,,,,,5139,13739.182,1,0,1,1
,,,,,,,5140,12563.21,1,0,1,1
,,,,,,,5141,11511.663,1,0,1,1
,,,,,,,5142,10656.380000000001,1,0,1,2
,,,,,,,5143,10337.657,1,0,1,1
,,,,,,,5144,10364.326,1,0,1,1
,,,,,,,5145,10747.452,1,0,1,1
,,,,,,,5146,11851.315,1,0,1,1
,,,,,,,5147,14332.072,1,0,1,3
,,,,,,,5148,14913.388,1,0,1,1
,,,,,,,5149,14732.23975,1,0,1,4
,,,,,,,5150,14341.522,1,0,1,1
,,,,,,,5151,15110.188857142859,1,0,1,7
,,,,,,,5152,13146.645,1,0,1,1
,,,,,,,5153,12220.322,1,0,1,1
,,,,,,,5154,11554.409,1,0,1,1
,,,,,,,5155,11180.688,1,0,1,1
,,,,,,,5156,10999.384,1,0,1,1
,,,,,,,5157,10953.512,1,0,1,1
,,,,,,,5158,11121.16,1,0,1,1
,,,,,,,5159,11625.106,1,0,1,1
,,,,,,,5160,12397.74,1,0,1,1
,,,,,,,5161,13152.27,1,0,1,1
,,,,,,,5162,13883.309,1,0,1,1
,,,,,,,5163,14240.418,1,0,1,1
,,,,,,,5164,14334.023,1,0,1,1
,,,,,,,5165,14220.862,1,0,1,1
,,,,,,,5166,14037.766,1,0,1,1
,,,,,,,5167,13858.896,1,0,1,1
,,,,,,,5168,13737.932,1,0,1,1
,,,,,,,5169,13854.371,1,0,1,1
,,,,,,,5170,14598.174,1,0,1,1
,,,,,,,5171,14986.453,1,0,1,1
,,,,,,,5172,14611.984,1,0,1,1
,,,,,,,5173,13827.339,1,0,1,2
,,,,,,,5174,12844.635,1,0,1,1
,,,,,,,5175,11967.423,1,0,1,1
,,,,,,,5176,11068.88,1,0,1,1
,,,,,,,5177,10150.5525,1,0,1,2
,,,,,,,5178,9634.398,1,0,1,1
,,,,,,,5179,10325.254500000001,1,0,1,6
,,,,,,,5180,12582.623,1,0,1,1
,,,,,,,5181,13090.5595,1,0,1,2
,,,,,,,5182,13140.718,1,0,1,2
,,,,,,,5183,13065.553,1,0,1,1
,,,,,,,5184,13321.0,1,0,1,1
,,,,,,,5185,14446.039333333334,1,0,1,6
,,,,,,,5186,12212.505,1,0,1,1
,,,,,,,5187,10699.970666666666,1,0,1,6
,,,,,,,5188,12072.909,1,0,1,1
,,,,,,,5189,14344.4355,1,0,1,2
,,,,,,,5190,15009.393,1,0,1,1
,,,,,,,5191,15126.2948,1,0,1,5
,,,,,,,5192,14887.079,1,0,1,1
,,,,,,,5193,15356.535624999999,1,0,1,8
,,,,,,,5194,11948.743,1,0,1,1
,,,,,,,5195,11238.177,1,0,1,1
,,,,,,,5196,10865.358,1,0,1,1
,,,,,,,5197,10700.85,1,0,1,1
,,,,,,,5198,10731.416,1,0,1,1
,,,,,,,5199,11117.86,1,0,1,1
,,,,,,,5200,12207.06,1,0,1,1
,,,,,,,5201,14338.128499999999,1,0,1,2
,,,,,,,5202,14806.383,1,0,1,1
,,,,,,,5203,14638.741,1,0,1,1
,,,,,,,5204,14595.249,1,0,1,1
,,,,,,,5205,14488.801,1,0,1,1
,,,,,,,5206,14302.285,1,0,1,1
,,,,,,,5207,14164.072,1,0,1,1
,,,,,,,5208,14053.464,1,0,1,1
,,,,,,,5209,14088.915,1,0,1,1
,,,,,,,5210,14888.211,1,0,1,1
,,,,,,,5211,15217.0,1,0,1,4
,,,,,,,5212,13571.459,1,0,1,1
,,,,,,,5213,12382.948,1,0,1,1
,,,,,,,5214,11306.619,1,0,1,1
,,,,,,,5215,10152.281599999998,1,0,1,5
,,,,,,,5216,11155.818,1,0,1,1
,,,,,,,5217,12685.804,1,0,1,1
,,,,,,,5218,13794.237,1,0,1,1
,,,,,,,5219,14459.14,1,0,1,1
,,,,,,,5220,14853.242,1,0,1,1
,,,,,,,5221,15143.533,1,0,1,1
,,,,,,,5222,15245.42,1,0,1,1
,,,,,,,5223,15162.806,1,0,1,1
,,,,,,,5224,15031.455000000002,1,0,1,2
,,,,,,,5225,14905.561,1,0,1,1
,,,,,,,5226,15457.724,1,0,1,1
,,,,,,,5227,15924.176,1,0,1,1
,,,,,,,5228,15626.796,1,0,1,1
,,,,,,,5229,14898.181,1,0,1,2
,,,,,,,5230,13813.566,1,0,1,1
,,,,,,,5231,12770.923,1,0,1,1
,,,,,,,5232,11730.148,1,0,1,1
,,,,,,,5233,10786.224999999999,1,0,1,2
,,,,,,,5234,10359.703,1,0,1,1
,,,,,,,5235,10324.307,1,0,1,1
,,,,,,,5236,10736.8555,1,0,1,2
,,,,,,,5237,11743.71,1,0,1,1
,,,,,,,5238,12605.085,1,0,1,1
,,,,,,,5239,13517.89,1,0,1,1
,,,,,,,5240,14203.28,1,0,1,1
,,,,,,,5241,14581.3,1,0,1,1
,,,,,,,5242,14640.686,1,0,1,1
,,,,,,,5243,14221.847,1,0,1,1
,,,,,,,5244,13414.162,1,0,1,1
,,,,,,,5245,12759.524,1,0,1,1
,,,,,,,5246,12474.143,1,0,1,1
,,,,,,,5247,12833.623,1,0,1,1
,,,,,,,5248,13103.421,1,0,1,1
,,,,,,,5249,13057.018,1,0,1,1
,,,,,,,5250,13006.743,1,0,1,1
,,,,,,,5251,12902.844,1,0,1,1
,,,,,,,5252,12572.685,1,0,1,1
,,,,,,,5253,11973.976,1,0,1,1
,,,,,,,5254,10806.05642857143,1,0,1,7
,,,,,,,5255,12100.208,1,0,1,1
,,,,,,,5256,12705.77,1,0,1,1
,,,,,,,5257,13196.663,1,0,1,1
,,,,,,,5258,13422.681,1,0,1,1
,,,,,,,5259,13515.419,1,0,1,1
,,,,,,,5260,13332.176,1,0,1,2
,,,,,,,5261,12985.649,1,0,1,1
,,,,,,,5262,12880.953,1,0,1,1
,,,,,,,5263,13039.534,1,0,1,1
,,,,,,,5264,13931.617,1,0,1,1
,,,,,,,5265,14649.294,1,0,1,1
,,,,,,,5266,14441.917,1,0,1,1
,,,,,,,5267,14065.595,1,0,1,1
,,,,,,,5268,13312.814,1,0,1,2
,,,,,,,5269,12176.58,1,0,1,1
,,,,,,,5270,11319.391,1,0,1,1
,,,,,,,5271,10264.145,1,0,1,6
,,,,,,,5272,11163.888,1,0,1,1
,,,,,,,5273,11818.372,1,0,1,1
,,,,,,,5274,12492.422,1,0,1,1
,,,,,,,5275,12860.941,1,0,1,1
,,,,,,,5276,13000.343,1,0,1,1
,,,,,,,5277,12953.435,1,0,1,1
,,,,,,,5278,12773.773,1,0,1,1
,,,,,,,5279,12516.635,1,0,1,1
,,,,,,,5280,12438.285,1,0,1,1
,,,,,,,5281,12588.29,1,0,1,1
,,,,,,,5282,13500.395,1,0,1,1
,,,,,,,5283,13988.019,1,0,1,2
,,,,,,,5284,13478.751,1,0,1,1
,,,,,,,5285,12726.1625,1,0,1,2
,,,,,,,5286,11579.631,1,0,1,1
,,,,,,,5287,10129.186333333333,1,0,1,3
,,,,,,,5288,9364.305666666667,1,0,1,3
,,,,,,,5289,9695.831,1,0,1,1
,,,,,,,5290,10251.107,1,0,1,1
,,,,,,,5291,10904.4,1,0,1,1
,,,,,,,5292,11748.511,1,0,1,1
,,,,,,,5293,12420.419,1,0,1,1
,,,,,,,5294,12911.78,1,0,1,1
,,,,,,,5295,13169.877499999999,1,0,1,2
,,,,,,,5296,13157.338,1,0,1,1
,,,,,,,5297,13181.823,1,0,1,1
,,,,,,,5298,13448.313,1,0,1,1
,,,,,,,5299,14627.565,1,0,1,1
,,,,,,,5300,15397.746500000001,1,0,1,2
,,,,,,,5301,14629.333999999999,1,0,1,2
,,,,,,,5302,13396.97,1,0,1,1
,,,,,,,5303,12280.605,1,0,1,1
,,,,,,,5304,11331.515,1,0,1,1
,,,,,,,5305,10706.673,1,0,1,1
,,,,,,,5306,10349.2015,1,0,1,2
,,,,,,,5307,10605.79,1,0,1,2
,,,,,,,5308,11978.217,1,0,1,1
,,,,,,,5309,13775.058,1,0,1,1
,,,,,,,5310,14752.137,1,0,1,1
,,,,,,,5311,15019.152,1,0,1,1
,,,,,,,5312,15061.972,1,0,1,1
,,,,,,,5313,14962.455999999998,1,0,1,4
,,,,,,,5314,14694.651,1,0,1,1
,,,,,,,5315,14805.466,1,0,1,1
,,,,,,,5316,15823.991,1,0,1,1
,,,,,,,5317,16577.05366666667,1,0,1,3
,,,,,,,5318,15712.625,1,0,1,1
,,,,,,,5319,14720.263,1,0,1,1
,,,,,,,5320,13437.907,1,0,1,1
,,,,,,,5321,12375.936,1,0,1,1
,,,,,,,5322,11734.773,1,0,1,1
,,,,,,,5323,11413.433,1,0,1,1
,,,,,,,5324,11295.211,1,0,1,1
,,,,,,,5325,11380.778,1,0,1,1
,,,,,,,5326,11811.371,1,0,1,1
,,,,,,,5327,12956.238,1,0,1,1
,,,,,,,5328,14783.069,1,0,1,1
,,,,,,,5329,15666.072,1,0,1,1
,,,,,,,5330,15716.451,1,0,1,1
,,,,,,,5331,15580.573,1,0,1,1
,,,,,,,5332,15480.627,1,0,1,1
,,,,,,,5333,15169.51,1,0,1,2
,,,,,,,5334,14900.094,1,0,1,1
,,,,,,,5335,14780.219,1,0,1,1
,,,,,,,5336,14930.677,1,0,1,1
,,,,,,,5337,15942.155,1,0,1,1
,,,,,,,5338,16808.68,1,0,1,1
,,,,,,,5339,16670.645,1,0,1,1
,,,,,,,5340,16251.787,1,0,1,1
,,,,,,,5341,15520.227,1,0,1,1
,,,,,,,5342,14400.74,1,0,1,1
,,,,,,,5343,13017.944,1,0,1,1
,,,,,,,5344,11791.665,1,0,1,1
,,,,,,,5345,10745.878166666667,1,0,1,6
,,,,,,,5346,13390.285,1,0,1,1
,,,,,,,5347,14322.6835,1,0,1,2
,,,,,,,5348,14396.67,1,0,1,1
,,,,,,,5349,14371.506,1,0,1,1
,,,,,,,5350,14292.127,1,0,1,1
,,,,,,,5351,14221.804,1,0,1,1
,,,,,,,5352,14150.747,1,0,1,1
,,,,,,,5353,14096.077,1,0,1,1
,,,,,,,5354,14195.658,1,0,1,1
,,,,,,,5355,15715.679999999998,1,0,1,3
,,,,,,,5356,15611.44,1,0,1,1
,,,,,,,5357,14524.9495,1,0,1,2
,,,,,,,5358,12793.094,1,0,1,1
,,,,,,,5359,11719.742,1,0,1,1
,,,,,,,5360,11086.707,1,0,1,1
,,,,,,,5361,10739.233,1,0,1,2
,,,,,,,5362,10771.069,1,0,1,1
,,,,,,,5363,11210.732,1,0,1,1
,,,,,,,5364,12390.927,1,0,1,1
,,,,,,,5365,14256.117,1,0,1,1
,,,,,,,5366,15181.789,1,0,1,1
,,,,,,,5367,15299.653,1,0,1,1
,,,,,,,5368,15054.5375,1,0,1,4
,,,,,,,5369,14764.303,1,0,1,1
,,,,,,,5370,14654.922,1,0,1,1
,,,,,,,5371,14758.647,1,0,1,1
,,,,,,,5372,15745.927,1,0,1,1
,,,,,,,5373,16433.409,1,0,1,1
,,,,,,,5374,16280.755,1,0,1,1
,,,,,,,5375,15559.6775,1,0,1,2
,,,,,,,5376,14194.177,1,0,1,1
,,,,,,,5377,12836.341,1,0,1,1
,,,,,,,5378,11630.125,1,0,1,1
,,,,,,,5379,10854.62,1,0,1,1
,,,,,,,5380,10396.204,1,0,1,1
,,,,,,,5381,10261.718,1,0,1,3
,,,,,,,5382,11476.251,1,0,1,1
,,,,,,,5383,13219.515,1,0,1,1
,,,,,,,5384,14157.401,1,0,1,1
,,,,,,,5385,14373.995,1,0,1,1
,,,,,,,5386,14409.64,1,0,1,1
,,,,,,,5387,14431.7275,1,0,1,2
,,,,,,,5388,14302.888,1,0,1,1
,,,,,,,5389,14280.851,1,0,1,1
,,,,,,,5390,14226.248,1,0,1,1
,,,,,,,5391,14322.171,1,0,1,1
,,,,,,,5392,15479.132666666666,1,0,1,3
,,,,,,,5393,14536.565333333332,1,0,1,3
,,,,,,,5394,12906.705,1,0,1,1
,,,,,,,5395,11896.689,1,0,1,1
,,,,,,,5396,11195.652,1,0,1,1
,,,,,,,5397,10689.1835,1,0,1,2
,,,,,,,5398,10669.4595,1,0,1,2
,,,,,,,5399,11287.034,1,0,1,1
,,,,,,,5400,12101.46,1,0,1,1
,,,,,,,5401,12917.325,1,0,1,1
,,,,,,,5402,13787.68542857143,1,0,1,7
,,,,,,,5403,14501.810571428574,1,0,1,7
,,,,,,,5404,11211.149699999998,1,0,1,10
,,,,,,,5405,13583.406428571427,1,0,1,7
,,,,,,,5406,15120.956666666667,1,0,1,6
,,,,,,,5407,13747.753,1,0,1,1
,,,,,,,5408,12502.993,1,0,1,1
,,,,,,,5409,10739.884666666667,1,0,1,6
,,,,,,,5410,12114.095,1,0,1,1
,,,,,,,5411,14039.397,1,0,1,1
,,,,,,,5412,14985.973,1,0,1,1
,,,,,,,5413,15159.385,1,0,1,1
,,,,,,,5414,14993.652,1,0,1,1
,,,,,,,5415,14808.254333333332,1,0,1,3
,,,,,,,5416,14501.165,1,0,1,1
,,,,,,,5417,14375.744,1,0,1,1
,,,,,,,5418,14556.598,1,0,1,1
,,,,,,,5419,15760.819,1,0,1,1
,,,,,,,5420,16356.084499999999,1,0,1,4
,,,,,,,5421,14589.64,1,0,1,1
,,,,,,,5422,13173.367,1,0,1,1
,,,,,,,5423,11956.058,1,0,1,1
,,,,,,,5424,11175.54,1,0,1,1
,,,,,,,5425,10649.8165,1,0,1,2
,,,,,,,5426,10699.0385,1,0,1,2
,,,,,,,5427,11949.273,1,0,1,1
,,,,,,,5428,13764.766,1,0,1,1
,,,,,,,5429,14741.66,1,0,1,1
,,,,,,,5430,14956.37,1,0,1,1
,,,,,,,5431,15062.313,1,0,1,1
,,,,,,,5432,15166.426,1,0,1,1
,,,,,,,5433,15223.014,1,0,1,1
,,,,,,,5434,14886.164333333332,1,0,1,12
,,,,,,,5435,10028.901399999999,1,0,1,5
,,,,,,,5436,12651.204666666667,1,0,1,3
,,,,,,,5437,14313.231,1,0,1,1
,,,,,,,5438,14485.768,1,0,1,1
,,,,,,,5439,14617.044,1,0,1,1
,,,,,,,5440,14632.12,1,0,1,1
,,,,,,,5441,14492.184,1,0,1,1
,,,,,,,5442,14387.786,1,0,1,1
,,,,,,,5443,14340.466,1,0,1,1
,,,,,,,5444,14534.145,1,0,1,1
,,,,,,,5445,15715.028,1,0,1,1
,,,,,,,5446,16574.0625,1,0,1,2
,,,,,,,5447,16168.418,1,0,1,1
,,,,,,,5448,15601.32,1,0,1,1
,,,,,,,5449,14619.744,1,0,1,1
,,,,,,,5450,13283.485,1,0,1,1
,,,,,,,5451,12116.067,1,0,1,1
,,,,,,,5452,11075.160800000001,1,0,1,5
,,,,,,,5453,12399.037,1,0,1,1
,,,,,,,5454,14269.548,1,0,1,1
,,,,,,,5455,15202.566,1,0,1,1
,,,,,,,5456,15272.576,1,0,1,1
,,,,,,,5457,15138.45,1,0,1,1
,,,,,,,5458,15081.688,1,0,1,1
,,,,,,,5459,14978.226,1,0,1,1
,,,,,,,5460,14833.972,1,0,1,1
,,,,,,,5461,14753.726,1,0,1,1
,,,,,,,5462,14687.388,1,0,1,1
,,,,,,,5463,14895.428,1,0,1,1
,,,,,,,5464,15947.709,1,0,1,1
,,,,,,,5465,16395.623499999998,1,0,1,4
,,,,,,,5466,14183.287,1,0,1,2
,,,,,,,5467,12338.993,1,0,1,1
,,,,,,,5468,11370.045,1,0,1,2
,,,,,,,5469,11197.904666666667,1,0,1,3
,,,,,,,5470,12590.041,1,0,1,1
,,,,,,,5471,14424.814,1,0,1,1
,,,,,,,5472,15429.675,1,0,1,1
,,,,,,,5473,15626.991,1,0,1,1
,,,,,,,5474,15585.427,1,0,1,1
,,,,,,,5475,15578.539,1,0,1,1
,,,,,,,5476,15504.88,1,0,1,1
,,,,,,,5477,15318.57,1,0,1,1
,,,,,,,5478,15266.674,1,0,1,1
,,,,,,,5479,15195.036,1,0,1,1
,,,,,,,5480,15441.202,1,0,1,1
,,,,,,,5481,16311.322,1,0,1,5
,,,,,,,5482,14784.767,1,0,1,1
,,,,,,,5483,13697.159,1,0,1,1
,,,,,,,5484,12156.5405,1,0,1,2
,,,,,,,5485,11100.990999999998,1,0,1,5
,,,,,,,5486,12253.132,1,0,1,1
,,,,,,,5487,13139.982,1,0,1,1
,,,,,,,5488,14386.3975,1,0,1,2
,,,,,,,5489,15061.821,1,0,1,1
,,,,,,,5490,15313.561,1,0,1,1
,,,,,,,5491,15414.3605,1,0,1,2
,,,,,,,5492,15531.555,1,0,1,2
,,,,,,,5493,16552.2565,1,0,1,4
,,,,,,,5494,15429.549,1,0,1,1
,,,,,,,5495,14630.103,1,0,1,1
,,,,,,,5496,13579.34,1,0,1,1
,,,,,,,5497,12557.709,1,0,1,1
,,,,,,,5498,11229.7875,1,0,1,6
,,,,,,,5499,11952.902,1,0,1,1
,,,,,,,5500,12663.056,1,0,1,1
,,,,,,,5501,13501.334,1,0,1,1
,,,,,,,5502,14030.466,1,0,1,1
,,,,,,,5503,14245.323,1,0,1,1
,,,,,,,5504,14263.300333333333,1,0,1,3
,,,,,,,5505,14186.81,1,0,1,1
,,,,,,,5506,14482.241,1,0,1,1
,,,,,,,5507,15774.051,1,0,1,1
,,,,,,,5508,16701.144,1,0,1,1
,,,,,,,5509,16615.174,1,0,1,1
,,,,,,,5510,16223.033,1,0,1,1
,,,,,,,5511,15654.607,1,0,1,1
,,,,,,,5512,14632.528,1,0,1,1
,,,,,,,5513,13351.313,1,0,1,1
,,,,,,,5514,12273.244,1,0,1,1
,,,,,,,5515,11555.892,1,0,1,1
,,,,,,,5516,11197.149,1,0,1,4
,,,,,,,5517,12647.227,1,0,1,1
,,,,,,,5518,14498.784,1,0,1,1
,,,,,,,5519,15530.235,1,0,1,1
,,,,,,,5520,15812.765333333335,1,0,1,3
,,,,,,,5521,15654.118,1,0,1,1
,,,,,,,5522,15417.343499999999,1,0,1,2
,,,,,,,5523,15263.292,1,0,1,1
,,,,,,,5524,15374.921,1,0,1,1
,,,,,,,5525,16803.12383333333,1,0,1,6
,,,,,,,5526,14054.734,1,0,1,1
,,,,,,,5527,12800.613,1,0,1,1
,,,,,,,5528,11449.56975,1,0,1,4
,,,,,,,5529,11602.133,1,0,1,1
,,,,,,,5530,12651.297,1,0,1,1
,,,,,,,5531,14383.868,1,0,1,1
,,,,,,,5532,15468.656,1,0,1,1
,,,,,,,5533,15855.105500000001,1,0,1,2
,,,,,,,5534,16089.477,1,0,1,1
,,,,,,,5535,16101.724,1,0,1,1
,,,,,,,5536,15964.165500000001,1,0,1,4
,,,,,,,5537,16915.61,1,0,1,1
,,,,,,,5538,17229.959000000003,1,0,1,3
,,,,,,,5539,16186.39,1,0,1,1
,,,,,,,5540,15170.779,1,0,1,1
,,,,,,,5541,13795.642,1,0,1,1
,,,,,,,5542,12590.192,1,0,1,1
,,,,,,,5543,11658.8554,1,0,1,5
,,,,,,,5544,13254.387,1,0,1,1
,,,,,,,5545,15179.871,1,0,1,1
,,,,,,,5546,16234.222,1,0,1,1
,,,,,,,5547,16485.184,1,0,1,1
,,,,,,,5548,16631.045,1,0,1,1
,,,,,,,5549,16701.029749999998,1,0,1,4
,,,,,,,5550,16590.957,1,0,1,1
,,,,,,,5551,15574.229428571429,1,0,1,14
,,,,,,,5552,13906.498,1,0,1,1
,,,,,,,5553,15645.23,1,0,1,1
,,,,,,,5554,16665.258,1,0,1,1
,,,,,,,5555,16952.922,1,0,1,1
,,,,,,,5556,17049.794,1,0,1,1
,,,,,,,5557,16942.505,1,0,1,1
,,,,,,,5558,16760.063,1,0,1,1
,,,,,,,5559,16556.71,1,0,1,1
,,,,,,,5560,16452.33,1,0,1,1
,,,,,,,5561,16244.615,1,0,1,1
,,,,,,,5562,16385.633,1,0,1,1
,,,,,,,5563,16376.537999999997,1,0,1,10
,,,,,,,5564,13098.685666666666,1,0,1,3
,,,,,,,5565,14412.376,1,0,1,1
,,,,,,,5566,16222.71,1,0,1,1
,,,,,,,5567,17244.948,1,0,1,1
,,,,,,,5568,17524.678,1,0,1,1
,,,,,,,5569,17562.521,1,0,1,1
,,,,,,,5570,17464.465,1,0,1,1
,,,,,,,5571,17262.479,1,0,1,1
,,,,,,,5572,16900.821999999996,1,0,1,3
,,,,,,,5573,17156.900999999998,1,0,1,8
,,,,,,,5574,13927.789,1,0,1,1
,,,,,,,5575,13069.031,1,0,1,1
,,,,,,,5576,12576.252,1,0,1,1
,,,,,,,5577,12358.344,1,0,1,1
,,,,,,,5578,12585.786333333332,1,0,1,3
,,,,,,,5579,13795.089,1,0,1,1
,,,,,,,5580,14667.705,1,0,1,1
,,,,,,,5581,15707.129,1,0,1,2
,,,,,,,5582,15671.91275,1,0,1,4
,,,,,,,5583,15225.758,1,0,1,1
,,,,,,,5584,15437.524,1,0,1,1
,,,,,,,5585,16085.193,1,0,1,7
,,,,,,,5586,13551.316,1,0,1,1
,,,,,,,5587,12827.708,1,0,1,1
,,,,,,,5588,12405.298,1,0,1,1
,,,,,,,5589,12219.351,1,0,1,1
,,,,,,,5590,12210.33,1,0,1,1
,,,,,,,5591,12343.36,1,0,1,1
,,,,,,,5592,12706.776,1,0,1,1
,,,,,,,5593,13365.904,1,0,1,1
,,,,,,,5594,14136.366,1,0,1,1
,,,,,,,5595,15035.324,1,0,1,1
,,,,,,,5596,15583.978,1,0,1,2
,,,,,,,5597,15614.44,1,0,1,1
,,,,,,,5598,15567.715,1,0,1,1
,,,,,,,5599,15448.704,1,0,1,1
,,,,,,,5600,15416.67,1,0,1,1
,,,,,,,5601,15691.376,1,0,1,1
,,,,,,,5602,17207.7716,1,0,1,5
,,,,,,,5603,15748.047,1,0,1,1
,,,,,,,5604,14435.746,1,0,1,1
,,,,,,,5605,13317.552,1,0,1,1
,,,,,,,5606,12266.152333333332,1,0,1,3
,,,,,,,5607,12271.811,1,0,1,2
,,,,,,,5608,13591.855,1,0,1,1
,,,,,,,5609,16486.357799999998,1,0,1,5
,,,,,,,5610,16831.25,1,0,1,1
,,,,,,,5611,16710.642,1,0,1,1
,,,,,,,5612,16633.465,1,0,1,1
,,,,,,,5613,16441.993,1,0,1,1
,,,,,,,5614,16569.742,1,0,1,1
,,,,,,,5615,17504.643,1,0,1,1
,,,,,,,5616,18064.498,1,0,1,2
,,,,,,,5617,16683.052333333333,1,0,1,3
,,,,,,,5618,14230.542,1,0,1,1
,,,,,,,5619,12888.165,1,0,1,1
,,,,,,,5620,11624.708666666667,1,0,1,3
,,,,,,,5621,11488.3555,1,0,1,2
,,,,,,,5622,12701.78,1,0,1,1
,,,,,,,5623,14498.679,1,0,1,1
,,,,,,,5624,15602.172,1,0,1,2
,,,,,,,5625,15754.742,1,0,1,1
,,,,,,,5626,15658.1885,1,0,1,2
,,,,,,,5627,15287.047,1,0,1,1
,,,,,,,5628,15013.781333333332,1,0,1,3
,,,,,,,5629,16094.05,1,0,1,1
,,,,,,,5630,16970.124,1,0,1,1
,,,,,,,5631,13255.325214285713,1,0,1,14
,,,,,,,5632,15287.699,1,0,1,1
,,,,,,,5633,15341.417,1,0,1,1
,,,,,,,5634,15426.004,1,0,1,1
,,,,,,,5635,15368.319,1,0,1,1
,,,,,,,5636,15147.458,1,0,1,1
,,,,,,,5637,15126.881,1,0,1,1
,,,,,,,5638,15103.51,1,0,1,1
,,,,,,,5639,15308.995,1,0,1,1
,,,,,,,5640,15991.603125000001,1,0,1,8
,,,,,,,5641,11941.301000000001,1,0,1,5
,,,,,,,5642,13254.529,1,0,1,1
,,,,,,,5643,15537.5825,1,0,1,2
,,,,,,,5644,16067.378,1,0,1,1
,,,,,,,5645,15900.027,1,0,1,1
,,,,,,,5646,15705.454,1,0,1,1
,,,,,,,5647,15794.5295,1,0,1,2
,,,,,,,5648,15544.091,1,0,1,1
,,,,,,,5649,15477.271,1,0,1,1
,,,,,,,5650,15661.123,1,0,1,1
,,,,,,,5651,16732.264,1,0,1,1
,,,,,,,5652,17399.84225,1,0,1,4
,,,,,,,5653,16034.044,1,0,1,1
,,,,,,,5654,14754.4,1,0,1,1
,,,,,,,5655,13494.861,1,0,1,1
,,,,,,,5656,12260.490666666667,1,0,1,3
,,,,,,,5657,12116.9735,1,0,1,2
,,,,,,,5658,13212.131,1,0,1,1
,,,,,,,5659,14816.199,1,0,1,1
,,,,,,,5660,15978.398,1,0,1,1
,,,,,,,5661,16654.452125,1,0,1,8
,,,,,,,5662,17738.157,1,0,1,3
,,,,,,,5663,16338.072666666665,1,0,1,3
,,,,,,,5664,14401.943,1,0,1,1
,,,,,,,5665,12278.32,1,0,1,4
,,,,,,,5666,11661.580333333333,1,0,1,3
,,,,,,,5667,12638.074,1,0,1,1
,,,,,,,5668,13540.204,1,0,1,1
,,,,,,,5669,14513.148,1,0,1,1
,,,,,,,5670,15352.203,1,0,1,1
,,,,,,,5671,15853.819,1,0,1,1
,,,,,,,5672,16041.358,1,0,1,1
,,,,,,,5673,15916.868,1,0,1,2
,,,,,,,5674,16006.21175,1,0,1,4
,,,,,,,5675,15669.584,1,0,1,3
,,,,,,,5676,14465.151,1,0,1,1
,,,,,,,5677,13453.666,1,0,1,1
,,,,,,,5678,12425.396,1,0,1,1
,,,,,,,5679,11578.324,1,0,1,1
,,,,,,,5680,11048.065333333334,1,0,1,6
,,,,,,,5681,12563.681,1,0,1,1
,,,,,,,5682,13556.97,1,0,1,1
,,,,,,,5683,14233.754,1,0,1,1
,,,,,,,5684,14586.059,1,0,1,1
,,,,,,,5685,14690.229,1,0,1,1
,,,,,,,5686,14660.001,1,0,1,1
,,,,,,,5687,14525.874,1,0,1,1
,,,,,,,5688,14439.493,1,0,1,1
,,,,,,,5689,14467.47,1,0,1,1
,,,,,,,5690,15353.925333333333,1,0,1,3
,,,,,,,5691,14308.348333333333,1,0,1,3
,,,,,,,5692,13354.263,1,0,1,1
,,,,,,,5693,12589.179,1,0,1,1
,,,,,,,5694,11247.0534,1,0,1,5
,,,,,,,5695,11444.222,1,0,1,1
,,,,,,,5696,12062.06,1,0,1,1
,,,,,,,5697,12845.123,1,0,1,1
,,,,,,,5698,13800.334,1,0,1,1
,,,,,,,5699,14679.382090909092,1,0,1,11
,,,,,,,5700,12957.074583333335,1,0,1,12
,,,,,,,5701,15502.638,1,0,1,1
,,,,,,,5702,15995.316,1,0,1,1
,,,,,,,5703,16345.843,1,0,1,1
,,,,,,,5704,16545.558,1,0,1,1
,,,,,,,5705,16423.06,1,0,1,1
,,,,,,,5706,16270.259,1,0,1,1
,,,,,,,5707,16164.612,1,0,1,1
,,,,,,,5708,16251.477,1,0,1,1
,,,,,,,5709,15424.19376923077,1,0,1,13
,,,,,,,5710,14216.362,1,0,1,1
,,,,,,,5711,15509.855,1,0,1,1
,,,,,,,5712,16530.951,1,0,1,1
,,,,,,,5713,17184.685,1,0,1,1
,,,,,,,5714,17505.51,1,0,1,1
,,,,,,,5715,17620.018,1,0,1,1
,,,,,,,5716,17469.4265,1,0,1,2
,,,,,,,5717,17225.711,1,0,1,1
,,,,,,,5718,17118.979,1,0,1,1
,,,,,,,5719,17233.112,1,0,1,1
,,,,,,,5720,18182.696,1,0,1,1
,,,,,,,5721,18992.191666666666,1,0,1,3
,,,,,,,5722,15415.308416666669,1,0,1,12
,,,,,,,5723,18055.793,1,0,1,1
,,,,,,,5724,18455.857,1,0,1,1
,,,,,,,5725,18668.347666666665,1,0,1,3
,,,,,,,5726,18428.177,1,0,1,1
,,,,,,,5727,18316.154,1,0,1,1
,,,,,,,5728,18394.398,1,0,1,1
,,,,,,,5729,19431.047166666667,1,0,1,6
,,,,,,,5730,16947.427,1,0,1,1
,,,,,,,5731,15821.949,1,0,1,1
,,,,,,,5732,15051.844,1,0,1,1
,,,,,,,5733,14611.244,1,0,1,1
,,,,,,,5734,14436.855,1,0,1,1
,,,,,,,5735,14431.713,1,0,1,1
,,,,,,,5736,14711.42,1,0,1,1
,,,,,,,5737,15453.524,1,0,1,1
,,,,,,,5738,16585.391,1,0,1,1
,,,,,,,5739,17581.596,1,0,1,1
,,,,,,,5740,18314.457,1,0,1,1
,,,,,,,5741,18773.044,1,0,1,1
,,,,,,,5742,18900.512,1,0,1,1
,,,,,,,5743,18819.273,1,0,1,1
,,,,,,,5744,18572.041,1,0,1,1
,,,,,,,5745,18286.14,1,0,1,1
,,,,,,,5746,18051.146,1,0,1,1
,,,,,,,5747,18048.507,1,0,1,1
,,,,,,,5748,18916.841,1,0,1,1
,,,,,,,5749,19744.637,1,0,1,1
,,,,,,,5750,19529.343,1,0,1,1
,,,,,,,5751,19116.214,1,0,1,1
,,,,,,,5752,18591.038,1,0,1,1
,,,,,,,5753,17789.676,1,0,1,1
,,,,,,,5754,16746.178,1,0,1,1
,,,,,,,5755,15709.031,1,0,1,1
,,,,,,,5756,14546.051000000001,1,0,1,3
,,,,,,,5757,14222.1995,1,0,1,2
,,,,,,,5758,14643.492,1,0,1,1
,,,,,,,5759,15281.234,1,0,1,1
,,,,,,,5760,15989.873,1,0,1,1
,,,,,,,5761,16864.116,1,0,1,1
,,,,,,,5762,17545.503,1,0,1,1
,,,,,,,5763,17630.004142857142,1,0,1,7
,,,,,,,5764,18816.228,1,0,1,1
,,,,,,,5765,18645.709,1,0,1,1
,,,,,,,5766,18260.113,1,0,1,1
,,,,,,,5767,17799.722,1,0,1,1
,,,,,,,5768,17143.718,1,0,1,1
,,,,,,,5769,16213.667,1,0,1,1
,,,,,,,5770,15228.102,1,0,1,1
